42402, 03-27 22:03:15.000,1, 29220, 22597,100053,1940300032, 96887,752792, 88696,337358
42403, 03-27 22:03:16.000,1, 29230, 22604,100053,1936099968, 97001,753405, 88819,338104
42404, 03-27 22:03:17.000,1, 29230, 22609,100053,1943000064, 96919,752960, 88730,337569
42405, 03-27 22:03:18.000,1, 29230, 22593,100051,1932000000, 97138,754137, 88967,338999
42406, 03-27 22:03:19.000,1, 29230, 22609,100053,1936099968, 97220,754579, 89056,339539
42407, 03-27 22:03:20.000,1, 29230, 22604,100053,1944400000, 97076,753795, 88898,338593
42408, 03-27 22:03:21.000,1, 29230, 22599,100051,1943000064, 96984,753299, 88798,337995
42409, 03-27 22:03:22.000,1, 29220, 22608,100053,1941600000, 96940,753060, 88750,337710
42410, 03-27 22:03:23.000,1, 29220, 22603,100053,1945799936, 96792,752257, 88589,336741
42411, 03-27 22:03:24.000,1, 29220, 22613,100053,1941600000, 96770,752138, 88565,336600
42412, 03-27 22:03:25.000,1, 29220, 22613,100049,1945799936, 96641,751435, 88424,335752
42413, 03-27 22:03:26.000,1, 29220, 22619,100053,1945799936, 96526,750813, 88299,335002
42414, 03-27 22:03:27.000,1, 29230, 22625,100051,1948600064, 96348,749852, 88107,333841
42415, 03-27 22:03:28.000,1, 29230, 22625,100053,1948600064, 96191,749004, 87938,332817
42416, 03-27 22:03:29.000,1, 29220, 22613,100051,1958400000, 95799,746886, 87516,330253
42417, 03-27 22:03:30.000,1, 29220, 22591,100049,1950000000, 95673,746206, 87381,329433
42418, 03-27 22:03:31.000,1, 29220, 22608,100053,1947200000, 95635,745996, 87340,329183
42419, 03-27 22:03:32.000,1, 29220, 22603,100049,1955500032, 95384,744642, 87072,327545
42420, 03-27 22:03:33.000,1, 29220, 22597,100051,1950000000, 95306,744220, 86989,327037
42421, 03-27 22:03:34.000,1, 29230, 22620,100053,1947200000, 95309,744232, 86991,327057
42422, 03-27 22:03:35.000,1, 29230, 22604,100051,1952800000, 95165,743452, 86837,326115
42423, 03-27 22:03:36.000,1, 29210, 22597,100051,1944400000, 95261,743968, 86939,326744
42424, 03-27 22:03:37.000,1, 29220, 22608,100053,1952800000, 95124,743223, 86792,325845
42425, 03-27 22:03:38.000,1, 29220, 22581,100053,1952800000, 95005,742579, 86666,325068
42426, 03-27 22:03:39.000,1, 29220, 22603,100049,1947200000, 95044,742788, 86707,325326
42427, 03-27 22:03:40.000,1, 29220, 22613,100051,1952800000, 94931,742175, 86586,324587
42428, 03-27 22:03:41.000,1, 29220, 22613,100053,1955500032, 94762,741260, 86407,323481
42429, 03-27 22:03:42.000,1, 29220, 22613,100054,1951399936, 94719,741025, 86361,323200
42430, 03-27 22:03:43.000,1, 29230, 22614,100054,1950000000, 94715,741005, 86357,323180
42431, 03-27 22:03:44.000,1, 29220, 22603,100053,1950000000, 94715,741002, 86356,323180
42432, 03-27 22:03:45.000,1, 29230, 22604,100053,1943000064, 94897,741979, 86548,324368
42433, 03-27 22:03:46.000,1, 29220, 22603,100053,1947200000, 94948,742250, 86601,324700
42434, 03-27 22:03:47.000,1, 29220, 22603,100053,1952800000, 94846,741695, 86492,324032
42435, 03-27 22:03:48.000,1, 29220, 22591,100049,1937500032, 95158,743378, 86823,326076
42436, 03-27 22:03:49.000,1, 29200, 22608,100053,1951399936, 95070,742898, 86728,325497
42437, 03-27 22:03:50.000,1, 29210, 22613,100049,1964000000, 94662,740699, 86297,322836
42438, 03-27 22:03:51.000,1, 29210, 22640,100049,1969699968, 94152,737946, 85760,319503
42439, 03-27 22:03:52.000,1, 29220, 22688,100049,1956899968, 94029,737278, 85630,318698
42440, 03-27 22:03:53.000,1, 29220, 22769,100049,1930700032, 94602,740364, 86231,322441
42441, 03-27 22:03:54.000,1, 29210, 22828,100049,1948600064, 94630,740512, 86260,322625
42442, 03-27 22:03:55.000,1, 29220, 22920,100049,1951399936, 94571,740189, 86197,322238
42443, 03-27 22:03:56.000,1, 29220, 23017,100053,1950000000, 94544,740044, 86169,322066
42444, 03-27 22:03:57.000,1, 29220, 23098,100053,1948600064, 94547,740057, 86172,322086
42445, 03-27 22:03:58.000,1, 29220, 23183,100049,1947200000, 94575,740202, 86200,322266
42446, 03-27 22:03:59.000,1, 29210, 23270,100049,1972499968, 93928,736717, 85521,318045
42447, 03-27 22:04:00.000,1, 29220, 23346,100054,1947200000, 94005,737127, 85601,318545
42448, 03-27 22:04:01.000,1, 29220, 23388,100053,1944400000, 94136,737829, 85737,319401
42449, 03-27 22:04:02.000,1, 29220, 23480,100053,1947200000, 94164,737978, 85766,319585
42450, 03-27 22:04:03.000,1, 29220, 23541,100053,1943000064, 94286,738635, 85894,320386
42451, 03-27 22:04:04.000,1, 29220, 23594,100053,1952800000, 94126,737768, 85725,319339
42452, 03-27 22:04:05.000,1, 29220, 23659,100053,1933400064, 94481,739677, 86097,321656
42453, 03-27 22:04:06.000,1, 29220, 23692,100051,1945799936, 94456,739541, 86071,321496
42454, 03-27 22:04:07.000,1, 29230, 23737,100053,1955500032, 94168,737984, 85767,319612
42455, 03-27 22:04:08.000,1, 29230, 23769,100053,1934800000, 94445,739474, 86058,321422
42456, 03-27 22:04:09.000,1, 29230, 23785,100051,1933400064, 94716,740934, 86343,323196
42457, 03-27 22:04:10.000,1, 29230, 23812,100051,1933400064, 94944,742156, 86583,324681
42458, 03-27 22:04:11.000,1, 29230, 23801,100049,1945799936, 94811,741437, 86442,323813
42459, 03-27 22:04:12.000,1, 29230, 23791,100051,1932000000, 95049,742717, 86693,325369
42460, 03-27 22:04:13.000,1, 29240, 23801,100045,1927900032, 95357,744378, 87020,327385
42461, 03-27 22:04:14.000,1, 29240, 23785,100043,1937500032, 95368,744429, 87030,327451
42462, 03-27 22:04:15.000,1, 29240, 23780,100043,1929299968, 95587,745606, 87263,328882
42463, 03-27 22:04:16.000,1, 29230, 23780,100041,1933400064, 95664,746019, 87344,329386
42464, 03-27 22:04:17.000,1, 29240, 23747,100053,1930700032, 95797,746734, 87486,330257
42465, 03-27 22:04:18.000,1, 29240, 23709,100047,1930700032, 95911,747344, 87607,331000
42466, 03-27 22:04:19.000,1, 29240, 23671,100045,1930700032, 96006,747856, 87709,331625
42467, 03-27 22:04:20.000,1, 29240, 23639,100045,1934800000, 95978,747702, 87678,331441
42468, 03-27 22:04:21.000,1, 29250, 23587,100043,1930700032, 96060,748137, 87765,331973
42469, 03-27 22:04:22.000,1, 29250, 23523,100047,1937500032, 95950,747544, 87647,331258
42470, 03-27 22:04:23.000,1, 29250, 23490,100047,1959800064, 95266,743855, 86917,326791
42471, 03-27 22:04:24.000,1, 29250, 23415,100043,1915800064, 95825,746867, 87512,330445
42472, 03-27 22:04:25.000,1, 29260, 23366,100049,1917100032, 96283,749330, 88002,333434
42473, 03-27 22:04:26.000,1, 29260, 23339,100047,1933400064, 96252,749156, 87968,333227
42474, 03-27 22:04:27.000,1, 29260, 23295,100047,1933400064, 96225,749007, 87938,333051
42475, 03-27 22:04:28.000,1, 29270, 23265,100049,1940300032, 96016,747882, 87714,331692
42476, 03-27 22:04:29.000,1, 29270, 23237,100049,1927900032, 96160,748656, 87868,332633
42477, 03-27 22:04:30.000,1, 29270, 23211,100039,1950000000, 95704,746196, 87379,329656
42478, 03-27 22:04:31.000,1, 29270, 23189,100049,1932000000, 95775,746573, 87454,330117
42479, 03-27 22:04:32.000,1, 29270, 23152,100045,1943000064, 95549,745351, 87212,328639
42480, 03-27 22:04:33.000,1, 29270, 23135,100043,1943000064, 95349,744271, 86999,327334
42481, 03-27 22:04:34.000,1, 29270, 23124,100043,1940300032, 95243,743697, 86886,326643
42482, 03-27 22:04:35.000,1, 29280, 23103,100047,1941600000, 95113,742998, 86748,325798
42483, 03-27 22:04:36.000,1, 29280, 23081,100047,1959800064, 94523,739816, 86124,321945
42484, 03-27 22:04:37.000,1, 29280, 23055,100047,1938899968, 94552,739970, 86155,322137
42485, 03-27 22:04:38.000,1, 29290, 23037,100047,1961200000, 93992,736949, 85566,318479
42486, 03-27 22:04:39.000,1, 29290, 23009,100047,1944400000, 93939,736662, 85511,318135
42487, 03-27 22:04:40.000,1, 29290, 23015,100047,1936099968, 94110,737581, 85689,319253
42488, 03-27 22:04:42.000,1, 29300, 22984,100049,1937500032, 94225,738197, 85809,320003
42489, 03-27 22:04:43.000,1, 29300, 22979,100049,1936099968, 94363,738939, 85953,320906
42490, 03-27 22:04:44.000,1, 29300, 22995,100051,1945799936, 94228,738207, 85811,320022
42491, 03-27 22:04:45.000,1, 29300, 22984,100058,1937500032, 94327,738735, 85914,320667
42492, 03-27 22:04:46.000,1, 29300, 22968,100053,1933400064, 94524,739796, 86121,321957
42493, 03-27 22:04:47.000,1, 29300, 22984,100051,1947200000, 94333,738761, 85919,320706
42494, 03-27 22:04:48.000,1, 29300, 23005,100047,1956899968, 93906,736462, 85472,317924
42495, 03-27 22:04:49.000,1, 29310, 23005,100053,1951399936, 93673,735202, 85228,316400
42496, 03-27 22:04:50.000,1, 29310, 23038,100051,1938899968, 93792,735844, 85352,317181
42497, 03-27 22:04:51.000,1, 29320, 23039,100049,1943000064, 93787,735814, 85346,317150
42498, 03-27 22:04:52.000,1, 29320, 23023,100053,1934800000, 94000,736956, 85568,318537
42499, 03-27 22:04:53.000,1, 29320, 23039,100051,1929299968, 94331,738735, 85914,320699
42500, 03-27 22:04:54.000,1, 29330, 23029,100051,1934800000, 94475,739509, 86064,321640
42501, 03-27 22:04:55.000,1, 29330, 23018,100051,1941600000, 94423,739225, 86009,321300
42502, 03-27 22:04:56.000,1, 29330, 23007,100051,1948600064, 94192,737981, 85767,319796
42503, 03-27 22:04:57.000,1, 29330, 22985,100053,1944400000, 94101,737485, 85670,319198
42504, 03-27 22:04:58.000,1, 29340, 22993,100054,1948600064, 93907,736437, 85467,317932
42505, 03-27 22:04:59.000,1, 29340, 22965,100054,1933400064, 94138,737678, 85708,319440
42506, 03-27 22:05:00.000,1, 29350, 22972,100051,1932000000, 94377,738961, 85958,320999
42507, 03-27 22:05:01.000,1, 29350, 22966,100053,1929299968, 94659,740476, 86253,322840
42508, 03-27 22:05:02.000,1, 29350, 22945,100051,1937500032, 94691,740651, 86288,323055
42509, 03-27 22:05:03.000,1, 29360, 22957,100054,1941600000, 94609,740206, 86201,322520
42510, 03-27 22:05:04.000,1, 29360, 22936,100054,1938899968, 94609,740202, 86200,322520
42511, 03-27 22:05:05.000,1, 29360, 22936,100053,1941600000, 94537,739812, 86124,322051
42512, 03-27 22:05:06.000,1, 29360, 22925,100054,1934800000, 94653,740435, 86245,322809
42513, 03-27 22:05:07.000,1, 29370, 22930,100053,1934800000, 94755,740976, 86351,323469
42514, 03-27 22:05:08.000,1, 29370, 22925,100053,1938899968, 94735,740870, 86330,323344
42515, 03-27 22:05:09.000,1, 29380, 22937,100053,1929299968, 94969,742124, 86576,324868
42516, 03-27 22:05:10.000,1, 29380, 22937,100054,1930700032, 95138,743030, 86754,325970
42517, 03-27 22:05:11.000,1, 29380, 22937,100054,1936099968, 95143,743056, 86759,326006
42518, 03-27 22:05:12.000,1, 29400, 22951,100051,1929299968, 95323,744023, 86950,327182
42519, 03-27 22:05:13.000,1, 29390, 22980,100053,1913100032, 95912,747192, 87577,331027
42520, 03-27 22:05:14.000,1, 29410, 22972,100051,1937500032, 95779,746473, 87434,330160
42521, 03-27 22:05:15.000,1, 29410, 22989,100053,1936099968, 95697,746028, 87346,329624
42522, 03-27 22:05:16.000,1, 29410, 22999,100051,1926599936, 95874,746976, 87534,330777
42523, 03-27 22:05:17.000,1, 29410, 23027,100051,1950000000, 95407,744461, 87036,327733
42524, 03-27 22:05:18.000,1, 29420, 23048,100053,1927900032, 95575,745364, 87215,328831
42525, 03-27 22:05:19.000,1, 29410, 23048,100049,1925200000, 95795,746541, 87448,330261
42526, 03-27 22:05:20.000,1, 29420, 23069,100049,1932000000, 95803,746583, 87456,330316
42527, 03-27 22:05:21.000,1, 29430, 23092,100049,1923900032, 96020,747747, 87687,331731
42528, 03-27 22:05:22.000,1, 29440, 23082,100049,1921200000, 96280,749146, 87966,333431
42529, 03-27 22:05:23.000,1, 29440, 23103,100049,1918499968, 96578,750745, 88285,335373
42530, 03-27 22:05:24.000,1, 29450, 23124,100041,1943000064, 96185,748630, 87863,332813
42531, 03-27 22:05:25.000,1, 29440, 23141,100047,1919800064, 96451,750058, 88148,334548
42532, 03-27 22:05:26.000,1, 29450, 23146,100049,1925200000, 96538,750519, 88240,335111
42533, 03-27 22:05:27.000,1, 29450, 23146,100047,1948600064, 95992,747579, 87654,331551
42534, 03-27 22:05:28.000,1, 29450, 23156,100047,1918499968, 96304,749259, 87988,333591
42535, 03-27 22:05:29.000,1, 29460, 23151,100047,1927900032, 96326,749372, 88011,333731
42536, 03-27 22:05:30.000,1, 29470, 23152,100047,1922499968, 96485,750226, 88182,334771
42537, 03-27 22:05:31.000,1, 29470, 23131,100047,1933400064, 96334,749410, 88019,333786
42538, 03-27 22:05:32.000,1, 29470, 23126,100047,1926599936, 96379,749649, 88066,334079
42539, 03-27 22:05:33.000,1, 29480, 23098,100049,1934800000, 96200,748682, 87873,332911
42540, 03-27 22:05:34.000,1, 29490, 23094,100049,1925200000, 96293,749181, 87973,333520
42541, 03-27 22:05:35.000,1, 29480, 23093,100047,1937500032, 96048,747860, 87710,331922
42542, 03-27 22:05:36.000,1, 29490, 23057,100045,1938899968, 95794,746489, 87437,330265
42543, 03-27 22:05:37.000,1, 29490, 23068,100049,1919800064, 96075,747998, 87737,332098
42544, 03-27 22:05:38.000,1, 29500, 23057,100051,1926599936, 96139,748340, 87805,332516
42545, 03-27 22:05:39.000,1, 29500, 23051,100054,1930700032, 96085,748043, 87746,332160
42546, 03-27 22:05:40.000,1, 29500, 23035,100053,1922499968, 96254,748952, 87927,333266
42547, 03-27 22:05:41.000,1, 29500, 23014,100041,1930700032, 96185,748579, 87853,332817
42548, 03-27 22:05:42.000,1, 29500, 23030,100051,1938899968, 95904,747063, 87551,330984
42549, 03-27 22:05:43.000,1, 29520, 23000,100054,1922499968, 96090,748059, 87749,332196
42550, 03-27 22:05:44.000,1, 29510, 23010,100051,1934800000, 95926,747173, 87573,331125
42551, 03-27 22:05:45.000,1, 29510, 22994,100049,1930700032, 95889,746970, 87533,330883
42552, 03-27 22:05:46.000,1, 29510, 23010,100030,1927900032, 95927,747176, 87574,331137
42553, 03-27 22:05:47.000,1, 29530, 23016,100053,1947200000, 95447,744587, 87061,328002
42554, 03-27 22:05:48.000,1, 29530, 22985,100049,1922499968, 95679,745832, 87307,329515
42555, 03-27 22:05:49.000,1, 29530, 23011,100047,1937500032, 95480,744758, 87095,328217
42556, 03-27 22:05:50.000,1, 29540, 22975,100049,1932000000, 95451,744600, 87064,328030
42557, 03-27 22:05:51.000,1, 29540, 22996,100047,1951399936, 94909,741679, 86489,324493
42558, 03-27 22:05:52.000,1, 29540, 22980,100047,1940300032, 94724,740680, 86293,323286
42559, 03-27 22:05:53.000,1, 29540, 22991,100053,1921200000, 95065,742514, 86653,325513
42560, 03-27 22:05:54.000,1, 29550, 22996,100053,1929299968, 95147,742953, 86739,326048
42561, 03-27 22:05:55.000,1, 29550, 22991,100049,1930700032, 95181,743133, 86775,326271
42562, 03-27 22:05:56.000,1, 29550, 22996,100043,1933400064, 95136,742888, 86726,325978
42563, 03-27 22:05:57.000,1, 29550, 22996,100047,1932000000, 95133,742869, 86723,325959
42564, 03-27 22:05:58.000,1, 29560, 23004,100051,1934800000, 95052,742430, 86636,325431
42565, 03-27 22:05:59.000,1, 29570, 23000,100051,1940300032, 94833,741247, 86404,324001
42566, 03-27 22:06:00.000,1, 29570, 23010,100049,1943000064, 94565,739803, 86122,322254
42567, 03-27 22:06:01.000,1, 29570, 22994,100028,1932000000, 94619,740093, 86178,322610
42568, 03-27 22:06:02.000,1, 29570, 22994,100045,1932000000, 94665,740338, 86226,322910
42569, 03-27 22:06:03.000,1, 29580, 22968,100049,1944400000, 94377,738781, 85922,321027
42570, 03-27 22:06:04.000,1, 29570, 22972,100051,1951399936, 93937,736411, 85462,318158
42571, 03-27 22:06:05.000,1, 29580, 22968,100049,1934800000, 93985,736669, 85512,318475
42572, 03-27 22:06:06.000,1, 29580, 22957,100045,1947200000, 93699,735125, 85213,316607
42573, 03-27 22:06:07.000,1, 29580, 22973,100049,1945799936, 93480,733948, 84986,315184
42574, 03-27 22:06:08.000,1, 29580, 22952,100049,1950000000, 93177,732313, 84672,313207
42575, 03-27 22:06:09.000,1, 29590, 22947,100047,1936099968, 93275,732835, 84772,313844
42576, 03-27 22:06:10.000,1, 29600, 22948,100051,1932000000, 93467,733867, 84970,315099
42577, 03-27 22:06:11.000,1, 29600, 22927,100045,1950000000, 93161,732216, 84653,313102
42578, 03-27 22:06:12.000,1, 29600, 22915,100043,1925200000, 93548,734296, 85053,315626
42579, 03-27 22:06:13.000,1, 29610, 22918,100041,1950000000, 93229,732581, 84723,313551
42580, 03-27 22:06:14.000,1, 29610, 22907,100041,1952800000, 92873,730662, 84355,311230
42581, 03-27 22:06:15.000,1, 29610, 22912,100041,1934800000, 93035,731526, 84521,312281
42582, 03-27 22:06:16.000,1, 29620, 22912,100045,1947200000, 92846,730508, 84326,311050
42583, 03-27 22:06:17.000,1, 29630, 22920,100045,1952800000, 92529,728799, 84000,308983
42584, 03-27 22:06:18.000,1, 29630, 22910,100043,1947200000, 92395,728080, 83863,308115
42585, 03-27 22:06:19.000,1, 29640, 22915,100058,1944400000, 92349,727828, 83815,307814
42586, 03-27 22:06:20.000,1, 29640, 22920,100047,1948600064, 92196,727000, 83658,306814
42587, 03-27 22:06:21.000,1, 29650, 22933,100047,1941600000, 92241,727238, 83703,307107
42588, 03-27 22:06:22.000,1, 29650, 22906,100051,1936099968, 92427,728241, 83893,308326
42589, 03-27 22:06:23.000,1, 29660, 22922,100051,1956899968, 92038,726145, 83496,305790
42590, 03-27 22:06:24.000,1, 29660, 22916,100054,1934800000, 92278,727432, 83740,307353
42591, 03-27 22:06:25.000,1, 29660, 22933,100049,1932000000, 92561,728950, 84028,309198
42592, 03-27 22:06:26.000,1, 29670, 22918,100047,1948600064, 92369,727915, 83831,307947
42593, 03-27 22:06:27.000,1, 29680, 22919,100049,1952800000, 92085,726387, 83541,306099
42594, 03-27 22:06:28.000,1, 29680, 22919,100051,1947200000, 91982,725826, 83435,305423
42595, 03-27 22:06:29.000,1, 29680, 22919,100051,1936099968, 92182,726903, 83639,306732
42596, 03-27 22:06:30.000,1, 29690, 22894,100047,1938899968, 92284,727448, 83743,307396
42597, 03-27 22:06:31.000,1, 29690, 22883,100049,1952800000, 92005,725946, 83458,305579
42598, 03-27 22:06:32.000,1, 29700, 22889,100051,1947200000, 91904,725401, 83355,304922
42599, 03-27 22:06:33.000,1, 29700, 22883,100051,1937500032, 92071,726294, 83524,306009
42600, 03-27 22:06:34.000,1, 29700, 22894,100049,1936099968, 92253,727267, 83708,307193
42601, 03-27 22:06:35.000,1, 29710, 22894,100049,1961200000, 91748,724550, 83194,303902
42602, 03-27 22:06:36.000,1, 29710, 22905,100049,1937500032, 91924,725497, 83373,305055
42603, 03-27 22:06:37.000,1, 29720, 22906,100051,1958400000, 91526,723350, 82968,302456
42604, 03-27 22:06:38.000,1, 29720, 22928,100049,1952800000, 91318,722231, 82758,301104
42605, 03-27 22:06:39.000,1, 29730, 22916,100049,1951399936, 91169,721425, 82607,300131
42606, 03-27 22:06:40.000,1, 29730, 22933,100049,1958400000, 90850,719707, 82286,298052
42607, 03-27 22:06:41.000,1, 29730, 22928,100051,1934800000, 91190,721535, 82627,300272
42608, 03-27 22:06:42.000,1, 29730, 22955,100049,1958400000, 90863,719772, 82298,298138
42609, 03-27 22:06:43.000,1, 29740, 22996,100054,1941600000, 91010,720558, 82445,299096
42610, 03-27 22:06:44.000,1, 29750, 23027,100054,1959800064, 90653,718637, 82086,296770
42611, 03-27 22:06:45.000,1, 29750, 23060,100054,1945799936, 90701,718894, 82134,297087
42612, 03-27 22:06:46.000,1, 29750, 23103,100053,1945799936, 90736,719082, 82169,297318
42613, 03-27 22:06:47.000,1, 29760, 23158,100054,1945799936, 90759,719198, 82191,297462
42614, 03-27 22:06:48.000,1, 29760, 23196,100053,1944400000, 90808,719462, 82240,297786
42615, 03-27 22:06:49.000,1, 29760, 23256,100053,1944400000, 90842,719639, 82273,298005
42616, 03-27 22:06:50.000,1, 29780, 23308,100054,1944400000, 90860,719733, 82290,298123
42617, 03-27 22:06:51.000,1, 29770, 23382,100051,1948600064, 90755,719165, 82185,297439
