1, 05-17 22:15:00,1, 29090, 33680,100619,772899968, 50000,600000, 49999,     0
2, 05-17 22:15:01,1, 29040, 34115,100617,674300032, 50000,600000, 49999,     0
3, 05-17 22:15:02,1, 29370, 34158,100619,677000000, 50000,600000, 49999,     0
4, 05-17 22:15:03,1, 29510, 34189,100619,675600000, 50000,600000, 49999,     0
5, 05-17 22:15:04,1, 29610, 34105,100617,678300032, 50000,600000, 49999,     0
6, 05-17 22:15:05,1, 29690, 34029,100614,681000000, 50000,600000, 49999,     0
7, 05-17 22:15:06,1, 29770, 33952,100617,682400000, 50000,600000, 49999,     0
8, 05-17 22:15:07,1, 29840, 33866,100616,687900032, 50000,600000, 49999,     0
9, 05-17 22:15:08,1, 29890, 33815,100617,687900032, 50000,600000, 49999,     0
10, 05-17 22:15:09,1, 29940, 33709,100619,687200000, 50000,600000, 49999,     0
11, 05-17 22:15:10,1, 29980, 33615,100617,690000000, 50000,600000, 49999,     0
12, 05-17 22:15:11,1, 30020, 33484,100619,695600000, 50000,600000, 49999,     0
13, 05-17 22:15:12,1, 30060, 33395,100617,696300032, 50000,600000, 49999,     0
14, 05-17 22:15:13,1, 30090, 33248,100619,697000000, 50000,600000, 49999,     0
15, 05-17 22:15:14,1, 30120, 33124,100616,699200000, 50000,600000, 49999,     0
16, 05-17 22:15:15,1, 30140, 33014,100621,699200000, 50000,600000, 49999,     0
17, 05-17 22:15:16,1, 30170, 32884,100619,704200000, 50000,600000, 49999,     0
18, 05-17 22:15:17,1, 30190, 32780,100617,701299968, 50000,600000, 49999,     0
19, 05-17 22:15:18,1, 30200, 32689,100617,701299968, 50000,600000, 49999,     0
20, 05-17 22:15:19,1, 30230, 32647,100616,696300032, 50000,600000, 49999,     0
21, 05-17 22:15:20,1, 30250, 32637,100617,712300032, 50000,600000, 49999,     0
22, 05-17 22:15:21,1, 30270, 32636,100617,707900032, 50000,600000, 49999,     0
23, 05-17 22:15:22,1, 30280, 32653,100619,705699968, 50000,600000, 49999,     0
24, 05-17 22:15:23,1, 30290, 32660,100617,713000000, 50000,600000, 49999,     0
25, 05-17 22:15:24,1, 30300, 32678,100619,713800000, 50000,600000, 49999,     0
26, 05-17 22:15:25,1, 30310, 32710,100617,712300032, 50000,600000, 49999,     0
27, 05-17 22:15:26,1, 30320, 32715,100619,713800000, 50000,600000, 49999,     0
28, 05-17 22:15:27,1, 30340, 32667,100619,710800000, 50000,600000, 49999,     0
29, 05-17 22:15:28,1, 30350, 32650,100617,710800000, 50000,600000, 49999,     0
30, 05-17 22:15:29,1, 30360, 32569,100617,720600000, 50000,600000, 49999,     0
31, 05-17 22:15:30,1, 30380, 32494,100619,720600000, 50000,600000, 49999,     0
32, 05-17 22:15:31,1, 30390, 32422,100617,713800000, 50000,600000, 49999,     0
33, 05-17 22:15:32,1, 30400, 32352,100619,716800000, 50000,600000, 49999,     0
34, 05-17 22:15:33,1, 30410, 32250,100617,719800000, 50000,600000, 49999,     0
35, 05-17 22:15:34,1, 30420, 32155,100617,719100032, 50000,600000, 49999,     0
36, 05-17 22:15:35,1, 30430, 32077,100616,725900032, 50000,600000, 49999,     0
37, 05-17 22:15:36,1, 30440, 31983,100617,722099968, 50000,600000, 49999,     0
38, 05-17 22:15:37,1, 30450, 31918,100614,721299968, 50000,600000, 49999,     0
39, 05-17 22:15:38,1, 30460, 31846,100621,722899968, 50000,600000, 49999,     0
40, 05-17 22:15:39,1, 30480, 31794,100621,729800000, 50000,600000, 49999,     0
41, 05-17 22:15:40,1, 30490, 31730,100619,729800000, 50000,600000, 49999,     0
42, 05-17 22:15:41,1, 30500, 31702,100619,726700032, 50000,600000, 49999,     0
43, 05-17 22:15:42,1, 30500, 31641,100617,732200000, 50000,600000, 49999,     0
44, 05-17 22:15:43,1, 30530, 31604,100619,733699968, 50000,600000, 49999,     0
45, 05-17 22:15:44,1, 30530, 31550,100619,727500032, 50000,600000, 49999,     0
46, 05-17 22:15:45,1, 30540, 31546,100619,732899968, 50000,600000, 49999,     0
47, 05-17 22:15:46,1, 30560, 31509,100619,732200000, 50000,600000, 49999,     0
48, 05-17 22:15:47,1, 30570, 31458,100617,732200000, 50000,600000, 49999,     0
49, 05-17 22:15:48,1, 30580, 31416,100617,728300032, 50000,600000, 49999,     0
50, 05-17 22:15:49,1, 30600, 31371,100619,736899968, 50000,600000, 49999,     0
51, 05-17 22:15:50,1, 30610, 31343,100621,735299968, 50000,600000, 49999,     0
52, 05-17 22:15:51,1, 30610, 31320,100619,734499968, 50000,600000, 49999,     0
53, 05-17 22:15:52,1, 30630, 31268,100617,739299968, 50000,600000, 49999,     0
54, 05-17 22:15:53,1, 30640, 31223,100619,735299968, 50000,600000, 49999,     0
55, 05-17 22:15:54,1, 30650, 31205,100619,738499968, 50000,600000, 49999,     0
56, 05-17 22:15:55,1, 30660, 31184,100619,736899968, 50000,600000, 49999,     0
57, 05-17 22:15:56,1, 30680, 31151,100621,740099968, 50000,600000, 49999,     0
58, 05-17 22:15:57,1, 30680, 31119,100617,742499968, 50000,600000, 49999,     0
59, 05-17 22:15:58,1, 30700, 31112,100619,736099968, 50000,600000, 49999,     0
60, 05-17 22:15:59,1, 30710, 31100,100616,744099968, 50000,600000, 49999,     0
61, 05-17 22:16:00,1, 30720, 31052,100617,743299968, 50000,600000, 49999,     0
62, 05-17 22:16:01,1, 30740, 31038,100619,744899968, 50000,600000, 49999,     0
63, 05-17 22:16:02,1, 30740, 31021,100617,744899968, 50000,600000, 49999,     0
64, 05-17 22:16:03,1, 30750, 31001,100616,737699968, 50000,600000, 49999,     0
65, 05-17 22:16:04,1, 30770, 30993,100619,748200000, 50000,600000, 49999,     0
66, 05-17 22:16:05,1, 30780, 30961,100616,749000000, 50000,600000, 49999,     0
67, 05-17 22:16:06,1, 30790, 30950,100616,745800000, 50000,600000, 49999,     0
68, 05-17 22:16:07,1, 30810, 30916,100617,746600000, 50000,600000, 49999,     0
69, 05-17 22:16:08,1, 30820, 30904,100619,731400000, 50000,600000, 49999,     0
70, 05-17 22:16:09,1, 30830, 30891,100619,731400000, 50000,600000, 49999,     0
71, 05-17 22:16:10,1, 30840, 30868,100619,732200000, 50000,600000, 49999,     0
72, 05-17 22:16:11,1, 30860, 30856,100621,749000000, 50000,600000, 49999,     0
73, 05-17 22:16:12,1, 30860, 30850,100619,749000000, 50000,600000, 49999,     0
74, 05-17 22:16:13,1, 30880, 30841,100619,735299968, 50000,600000, 49999,     0
75, 05-17 22:16:14,1, 30890, 30832,100619,729800000, 50000,600000, 49999,     0
76, 05-17 22:16:15,1, 30900, 30834,100619,738499968, 50000,600000, 49999,     0
77, 05-17 22:16:16,1, 30910, 30806,100621,732899968, 50000,600000, 49999,     0
78, 05-17 22:16:17,1, 30920, 30820,100617,739299968, 50000,600000, 49999,     0
79, 05-17 22:16:18,1, 30930, 30803,100616,733699968, 50000,600000, 49999,     0
80, 05-17 22:16:19,1, 30940, 30799,100619,736099968, 50000,600000, 49999,     0
81, 05-17 22:16:20,1, 30940, 30799,100617,740099968, 50000,600000, 49999,     0
82, 05-17 22:16:21,1, 30960, 30791,100619,735299968, 50000,600000, 49999,     0
83, 05-17 22:16:22,1, 30980, 30789,100619,740899968, 50000,600000, 49999,     0
84, 05-17 22:16:23,1, 30990, 30772,100617,735299968, 50000,600000, 49999,     0
85, 05-17 22:16:24,1, 31000, 30759,100619,737699968, 50000,600000, 49999,     0
86, 05-17 22:16:25,1, 31010, 30698,100614,736899968, 50000,600000, 49999,     0
87, 05-17 22:16:26,1, 31020, 30682,100617,734499968, 50000,600000, 49999,     0
88, 05-17 22:16:27,1, 31030, 30646,100621,750800000, 50000,600000, 49999,     0
89, 05-17 22:16:28,1, 31050, 30633,100617,741699968, 50000,600000, 49999,     0
90, 05-17 22:16:29,1, 31060, 30616,100619,740099968, 50000,600000, 49999,     0
91, 05-17 22:16:30,1, 31070, 30624,100619,750800000, 50000,600000, 49999,     0
92, 05-17 22:16:31,1, 31080, 30591,100617,740899968, 50000,600000, 49999,     0
93, 05-17 22:16:32,1, 31090, 30593,100621,741699968, 50000,600000, 49999,     0
94, 05-17 22:16:33,1, 31100, 30562,100621,750800000, 50000,600000, 49999,     0
95, 05-17 22:16:34,1, 31110, 30600,100623,750800000, 50000,600000, 49999,     0
96, 05-17 22:16:35,1, 31120, 30575,100619,751600000, 50000,600000, 49999,     0
97, 05-17 22:16:36,1, 31130, 30585,100619,751600000, 50000,600000, 49999,     0
98, 05-17 22:16:37,1, 31140, 30565,100619,752899968, 50000,600000, 49999,     0
99, 05-17 22:16:38,1, 31140, 30538,100617,738499968, 50000,600000, 49999,     0
100, 05-17 22:16:39,1, 31160, 30537,100617,751600000, 50000,600000, 49999,     0
101, 05-17 22:16:40,1, 31160, 30537,100617,752499968, 50000,600000, 49999,     0
102, 05-17 22:16:41,1, 31170, 30471,100619,742499968, 50000,600000, 49999,     0
103, 05-17 22:16:42,1, 31190, 30483,100616,753299968, 50000,600000, 49999,     0
104, 05-17 22:16:43,1, 31200, 30430,100619,755000000, 50000,600000, 49999,     0
105, 05-17 22:16:44,1, 31200, 30452,100619,740099968, 50000,600000, 49999,     0
106, 05-17 22:16:45,1, 31210, 30386,100623,753299968, 50000,600000, 49999,     0
107, 05-17 22:16:46,1, 31220, 30359,100621,752499968, 50000,600000, 49999,     0
108, 05-17 22:16:47,1, 31230, 30361,100621,754600000, 50000,600000, 49999,     0
109, 05-17 22:16:48,1, 31230, 30322,100617,753699968, 50000,600000, 49999,     0
110, 05-17 22:16:49,1, 31250, 30315,100619,762099968, 50000,600000, 49999,     0
111, 05-17 22:16:50,1, 31250, 30271,100616,755000000, 50000,600000, 49999,     0
112, 05-17 22:16:51,1, 31260, 30216,100617,740099968, 50000,600000, 49999,     0
113, 05-17 22:16:52,1, 31270, 30246,100617,751600000, 50000,600000, 49999,     0
114, 05-17 22:16:53,1, 31280, 30185,100619,753699968, 50000,600000, 49999,     0
115, 05-17 22:16:54,1, 31280, 30114,100617,754099968, 50000,600000, 49999,     0
116, 05-17 22:16:55,1, 31290, 30126,100619,759200000, 50000,600000, 49999,     0
117, 05-17 22:16:56,1, 31300, 30145,100617,759200000, 50000,600000, 49999,     0
118, 05-17 22:16:57,1, 31310, 30057,100616,755800000, 50000,600000, 49999,     0
119, 05-17 22:16:58,1, 31310, 30084,100616,760000000, 50000,600000, 49999,     0
120, 05-17 22:16:59,1, 31320, 30037,100617,755800000, 50000,600000, 49999,     0
121, 05-17 22:17:00,1, 31340, 29989,100617,757100032, 50000,600000, 49999,     0
122, 05-17 22:17:01,1, 31340, 29946,100617,766800000, 50000,600000, 49999,     0
123, 05-17 22:17:02,1, 31340, 29930,100616,757500032, 50000,600000, 49999,     0
124, 05-17 22:17:03,1, 31340, 29885,100614,752899968, 50000,600000, 49999,     0
125, 05-17 22:17:04,1, 31350, 29821,100614,760000000, 50000,600000, 49999,     0
126, 05-17 22:17:05,1, 31370, 29790,100621,758300032, 50000,600000, 49999,     0
127, 05-17 22:17:06,1, 31380, 29765,100621,759200000, 50000,600000, 49999,     0
128, 05-17 22:17:07,1, 31370, 29758,100617,760000000, 50000,600000, 49999,     0
129, 05-17 22:17:08,1, 31390, 29716,100616,757500032, 50000,600000, 49999,     0
130, 05-17 22:17:09,1, 31390, 29704,100619,759600000, 50000,600000, 49999,     0
131, 05-17 22:17:10,1, 31400, 29687,100619,759200000, 50000,600000, 49999,     0
132, 05-17 22:17:11,1, 31400, 29653,100616,767699968, 50000,600000, 49999,     0
133, 05-17 22:17:12,1, 31410, 29681,100612,758300032, 50000,600000, 49999,     0
134, 05-17 22:17:13,1, 31420, 29642,100619,760899968, 50000,600000, 49999,     0
135, 05-17 22:17:14,1, 31420, 29665,100617,764300032, 50000,600000, 49999,     0
136, 05-17 22:17:15,1, 31430, 29656,100619,758300032, 50000,600000, 49999,     0
137, 05-17 22:17:16,1, 31430, 29645,100616,762099968, 50000,600000, 49999,     0
138, 05-17 22:17:17,1, 31440, 29672,100616,766800000, 50000,600000, 49999,     0
139, 05-17 22:17:18,1, 31440, 29633,100614,767699968, 50000,600000, 49999,     0
140, 05-17 22:17:19,1, 31450, 29621,100616,772099968, 50000,600000, 49999,     0
141, 05-17 22:17:20,1, 31460, 29632,100616,759600000, 50000,600000, 49999,     0
142, 05-17 22:17:21,1, 31460, 29594,100614,763800000, 50000,600000, 49999,     0
143, 05-17 22:17:22,1, 31460, 29600,100614,768600000, 50000,600000, 49999,     0
144, 05-17 22:17:23,1, 31480, 29595,100614,762600000, 50000,600000, 49999,     0
145, 05-17 22:17:24,1, 31490, 29597,100616,762600000, 50000,600000, 49999,     0
146, 05-17 22:17:25,1, 31480, 29562,100612,761699968, 50000,600000, 49999,     0
147, 05-17 22:17:26,1, 31480, 29508,100610,765100032, 50000,600000, 49999,     0
148, 05-17 22:17:27,1, 31480, 29480,100614,772099968, 50000,600000, 49999,     0
149, 05-17 22:17:28,1, 31490, 29460,100621,767299968, 50000,600000, 49999,     0
150, 05-17 22:17:29,1, 31500, 29402,100614,769900032, 50000,600000, 49999,     0
151, 05-17 22:17:30,1, 31510, 29369,100614,772499968, 50000,600000, 49999,     0
152, 05-17 22:17:31,1, 31510, 29358,100614,766800000, 50000,600000, 49999,     0
153, 05-17 22:17:32,1, 31520, 29327,100612,756600000, 50000,600000, 49999,     0
154, 05-17 22:17:33,1, 31520, 29289,100610,768600000, 50000,600000, 49999,     0
155, 05-17 22:17:34,1, 31530, 29283,100612,772899968, 50000,600000, 49999,     0
156, 05-17 22:17:35,1, 31540, 29329,100614,776400000, 50000,600000, 49999,     0
157, 05-17 22:17:36,1, 31540, 29373,100612,768099968, 50000,600000, 49999,     0
158, 05-17 22:17:37,1, 31540, 29412,100610,773400000, 50000,600000, 49999,     0
159, 05-17 22:17:38,1, 31550, 29447,100614,777299968, 50000,600000, 49999,     0
160, 05-17 22:17:39,1, 31560, 29514,100612,770300032, 50000,600000, 49999,     0
161, 05-17 22:17:40,1, 31570, 29552,100616,770700032, 50000,600000, 49999,     0
162, 05-17 22:17:41,1, 31570, 29580,100614,770700032, 50000,600000, 49999,     0
163, 05-17 22:17:42,1, 31580, 29626,100614,779500032, 50000,600000, 49999,     0
164, 05-17 22:17:43,1, 31580, 29663,100612,777800000, 50000,600000, 49999,     0
165, 05-17 22:17:44,1, 31590, 29681,100617,778200000, 50000,600000, 49999,     0
166, 05-17 22:17:45,1, 31590, 29718,100617,779500032, 50000,600000, 49999,     0
167, 05-17 22:17:46,1, 31600, 29767,100617,780899968, 50000,600000, 49999,     0
168, 05-17 22:17:47,1, 31590, 29840,100616,781299968, 50000,600000, 49999,     0
169, 05-17 22:17:48,1, 31620, 29915,100619,776400000, 50000,600000, 49999,     0
170, 05-17 22:17:49,1, 31630, 29977,100619,775100032, 50000,600000, 49999,     0
171, 05-17 22:17:50,1, 31630, 30021,100617,780899968, 50000,600000, 49999,     0
172, 05-17 22:17:51,1, 31630, 30070,100617,778200000, 50000,600000, 49999,     0
173, 05-17 22:17:52,1, 31630, 30125,100616,778700032, 50000,600000, 49999,     0
174, 05-17 22:17:53,1, 31650, 30135,100619,776899968, 50000,600000, 49999,     0
175, 05-17 22:17:54,1, 31650, 30174,100621,781299968, 50000,600000, 49999,     0
176, 05-17 22:17:55,1, 31650, 30206,100617,780400000, 50000,600000, 49999,     0
177, 05-17 22:17:56,1, 31670, 30231,100621,784499968, 50000,600000, 49999,     0
178, 05-17 22:17:57,1, 31670, 30279,100619,785800000, 50000,600000, 49999,     0
179, 05-17 22:17:58,1, 31680, 30286,100617,777800000, 50000,600000, 49999,     0
180, 05-17 22:17:59,1, 31680, 30308,100616,780899968, 50000,600000, 49999,     0
181, 05-17 22:18:00,1, 31690, 30315,100619,781299968, 50000,600000, 49999,     0
182, 05-17 22:18:01,1, 31700, 30339,100617,780000000, 50000,600000, 49999,     0
183, 05-17 22:18:02,1, 31700, 30339,100616,785800000, 50000,600000, 49999,     0
184, 05-17 22:18:03,1, 31710, 30333,100619,785400000, 50000,600000, 49999,     0
185, 05-17 22:18:04,1, 31710, 30355,100617,787600000, 50000,600000, 49999,     0
186, 05-17 22:18:05,1, 31720, 30374,100616,786300032, 50000,600000, 49999,     0
187, 05-17 22:18:06,1, 31720, 30369,100616,785800000, 50000,600000, 49999,     0
188, 05-17 22:18:07,1, 31730, 30374,100617,782700032, 50000,600000, 49999,     0
189, 05-17 22:18:08,1, 31730, 30385,100616,788600000, 50000,600000, 49999,     0
190, 05-17 22:18:09,1, 31750, 30389,100621,788099968, 50000,600000, 49999,     0
191, 05-17 22:18:10,1, 31750, 30427,100621,792700032, 50000,600000, 49999,     0
192, 05-17 22:18:11,1, 31750, 30427,100621,787200000, 50000,600000, 49999,     0
193, 05-17 22:18:12,1, 31760, 30451,100617,779100032, 50000,600000, 49999,     0
194, 05-17 22:18:13,1, 31770, 30468,100619,788099968, 50000,600000, 49999,     0
195, 05-17 22:18:14,1, 31780, 30481,100619,787600000, 50000,600000, 49999,     0
196, 05-17 22:18:15,1, 31780, 30498,100616,788099968, 50000,600000, 49999,     0
197, 05-17 22:18:16,1, 31780, 30492,100617,783600000, 50000,600000, 49999,     0
198, 05-17 22:18:17,1, 31790, 30492,100621,791299968, 50000,600000, 49999,     0
199, 05-17 22:18:18,1, 31800, 30512,100619,786300032, 50000,600000, 49999,     0
200, 05-17 22:18:19,1, 31800, 30518,100619,784499968, 50000,600000, 49999,     0
201, 05-17 22:18:20,1, 31800, 30491,100617,788099968, 50000,600000, 49999,     0
202, 05-17 22:18:21,1, 31790, 30426,100619,794099968, 50000,600000, 49999,     0
203, 05-17 22:18:22,1, 31810, 30391,100619,786300032, 50000,600000, 49999,     0
204, 05-17 22:18:23,1, 31800, 30319,100616,789000000, 50000,600000, 49999,     0
205, 05-17 22:18:24,1, 31800, 30242,100614,789000000, 50000,600000, 49999,     0
206, 05-17 22:18:25,1, 31800, 30187,100610,793600000, 50000,600000, 49999,     0
207, 05-17 22:18:26,1, 31810, 30105,100614,789000000, 50000,600000, 49999,     0
208, 05-17 22:18:27,1, 31810, 30060,100616,801000000, 50000,600000, 49999,     0
209, 05-17 22:18:28,1, 31820, 30001,100614,787200000, 50000,600000, 49999,     0
210, 05-17 22:18:29,1, 31810, 29946,100616,794099968, 50000,600000, 49999,     0
211, 05-17 22:18:30,1, 31810, 29890,100614,800600000, 50000,600000, 49999,     0
212, 05-17 22:18:31,1, 31820, 29835,100612,798200000, 50000,600000, 49999,     0
213, 05-17 22:18:32,1, 31820, 29785,100612,796400000, 50000,600000, 49999,     0
214, 05-17 22:18:33,1, 31820, 29759,100612,796800000, 50000,600000, 49999,     0
215, 05-17 22:18:34,1, 31820, 29726,100610,799200000, 50000,600000, 49999,     0
216, 05-17 22:18:35,1, 31830, 29673,100616,801500032, 50000,600000, 49999,     0
217, 05-17 22:18:36,1, 31830, 29651,100616,797800000, 50000,600000, 49999,     0
218, 05-17 22:18:37,1, 31830, 29617,100614,794499968, 50000,600000, 49999,     0
219, 05-17 22:18:38,1, 31830, 29596,100614,797299968, 50000,600000, 49999,     0
220, 05-17 22:18:39,1, 31820, 29572,100612,795900032, 50000,600000, 49999,     0
221, 05-17 22:18:40,1, 31830, 29552,100614,800600000, 50000,600000, 49999,     0
222, 05-17 22:18:41,1, 31830, 29530,100614,800099968, 50000,600000, 49999,     0
223, 05-17 22:18:42,1, 31830, 29514,100610,801500032, 50000,600000, 49999,     0
224, 05-17 22:18:43,1, 31830, 29486,100614,792700032, 50000,600000, 49999,     0
225, 05-17 22:18:44,1, 31830, 29459,100616,803400000, 50000,600000, 49999,     0
226, 05-17 22:18:45,1, 31830, 29459,100616,805800000, 50000,600000, 49999,     0
227, 05-17 22:18:46,1, 31840, 29432,100612,802000000, 50000,600000, 49999,     0
228, 05-17 22:18:47,1, 31840, 29426,100612,802000000, 50000,600000, 49999,     0
229, 05-17 22:18:48,1, 31850, 29395,100614,804300032, 50000,600000, 49999,     0
230, 05-17 22:18:49,1, 31850, 29395,100614,803400000, 50000,600000, 49999,     0
231, 05-17 22:18:50,1, 31850, 29390,100614,803400000, 50000,600000, 49999,     0
232, 05-17 22:18:51,1, 31850, 29379,100614,804800000, 50000,600000, 49999,     0
233, 05-17 22:18:52,1, 31860, 29374,100612,804800000, 50000,600000, 49999,     0
234, 05-17 22:18:53,1, 31850, 29374,100610,804300032, 50000,600000, 49999,     0
235, 05-17 22:18:54,1, 31860, 29368,100608,806700032, 50000,600000, 49999,     0
236, 05-17 22:18:55,1, 31860, 29379,100610,804300032, 50000,600000, 49999,     0
237, 05-17 22:18:56,1, 31870, 29364,100614,808600000, 50000,600000, 49999,     0
238, 05-17 22:18:57,1, 31870, 29369,100614,805800000, 50000,600000, 49999,     0
239, 05-17 22:18:58,1, 31870, 29387,100614,808200000, 50000,600000, 49999,     0
240, 05-17 22:18:59,1, 31870, 29369,100614,804800000, 50000,600000, 49999,     0
241, 05-17 22:19:00,1, 31870, 29359,100614,802899968, 50000,600000, 49999,     0
242, 05-17 22:19:01,1, 31870, 29359,100610,808200000, 50000,600000, 49999,     0
243, 05-17 22:19:02,1, 31870, 29359,100608,807200000, 50000,600000, 49999,     0
244, 05-17 22:19:03,1, 31880, 29343,100610,804800000, 50000,600000, 49999,     0
245, 05-17 22:19:04,1, 31880, 29332,100614,806700032, 50000,600000, 49999,     0
246, 05-17 22:19:05,1, 31880, 29332,100612,806700032, 50000,600000, 49999,     0
247, 05-17 22:19:06,1, 31880, 29332,100610,802899968, 50000,600000, 49999,     0
248, 05-17 22:19:07,1, 31880, 29326,100612,802899968, 50000,600000, 49999,     0
249, 05-17 22:19:08,1, 31880, 29288,100612,809600000, 50000,600000, 49999,     0
250, 05-17 22:19:09,1, 31890, 29268,100614,811500032, 50000,600000, 49999,     0
251, 05-17 22:19:10,1, 31890, 29251,100610,811000000, 50000,600000, 49999,     0
252, 05-17 22:19:11,1, 31890, 29251,100610,810600000, 50000,600000, 49999,     0
253, 05-17 22:19:12,1, 31900, 29242,100614,809100032, 50000,600000, 49999,     0
254, 05-17 22:19:13,1, 31890, 29230,100614,809100032, 50000,600000, 49999,     0
255, 05-17 22:19:14,1, 31900, 29258,100614,806200000, 50000,600000, 49999,     0
256, 05-17 22:19:15,1, 31900, 29265,100612,808200000, 50000,600000, 49999,     0
257, 05-17 22:19:16,1, 31900, 29270,100614,821800000, 50000,600000, 49999,     0
258, 05-17 22:19:17,1, 31910, 29302,100614,809100032, 50000,600000, 49999,     0
259, 05-17 22:19:18,1, 31920, 29316,100616,808200000, 50000,600000, 49999,     0
260, 05-17 22:19:19,1, 31920, 29304,100614,815400000, 50000,600000, 49999,     0
261, 05-17 22:19:20,1, 31940, 29344,100616,807699968, 50000,600000, 49999,     0
262, 05-17 22:19:21,1, 31940, 29344,100617,807200000, 50000,600000, 49999,     0
263, 05-17 22:19:22,1, 31940, 29344,100616,811500032, 50000,600000, 49999,     0
264, 05-17 22:19:23,1, 31950, 29363,100617,809100032, 50000,600000, 49999,     0
265, 05-17 22:19:24,1, 31960, 29376,100616,812499968, 50000,600000, 49999,     0
266, 05-17 22:19:25,1, 31960, 29370,100616,812000000, 50000,600000, 49999,     0
267, 05-17 22:19:26,1, 31970, 29370,100617,811500032, 50000,600000, 49999,     0
268, 05-17 22:19:27,1, 31970, 29364,100616,811500032, 50000,600000, 49999,     0
269, 05-17 22:19:28,1, 31980, 29383,100614,809600000, 50000,600000, 49999,     0
270, 05-17 22:19:29,1, 31990, 29410,100617,808200000, 50000,600000, 49999,     0
271, 05-17 22:19:30,1, 31990, 29405,100616,811500032, 50000,600000, 49999,     0
272, 05-17 22:19:31,1, 32000, 29425,100614,819800000, 50000,600000, 49999,     0
273, 05-17 22:19:32,1, 32000, 29430,100614,813500032, 50000,600000, 49999,     0
274, 05-17 22:19:33,1, 32020, 29431,100617,817400000, 50000,600000, 49999,     0
275, 05-17 22:19:34,1, 32020, 29443,100614,810600000, 50000,600000, 49999,     0
276, 05-17 22:19:35,1, 32020, 29443,100614,813500032, 50000,600000, 49999,     0
277, 05-17 22:19:36,1, 32029, 29460,100616,813900032, 50000,600000, 49999,     0
278, 05-17 22:19:37,1, 32029, 29449,100612,819299968, 50000,600000, 49999,     0
279, 05-17 22:19:38,1, 32029, 29478,100614,818300032, 50000,600000, 49999,     0
280, 05-17 22:19:39,1, 32029, 29444,100612,811500032, 50000,600000, 49999,     0
281, 05-17 22:19:40,1, 32029, 29405,100612,818800000, 50000,600000, 49999,     0
282, 05-17 22:19:41,1, 32029, 29373,100614,818300032, 50000,600000, 49999,     0
283, 05-17 22:19:42,1, 32029, 29323,100614,811500032, 50000,600000, 49999,     0
284, 05-17 22:19:43,1, 32040, 29280,100614,818300032, 50000,600000, 49999,     0
285, 05-17 22:19:44,1, 32040, 29241,100614,814400000, 50000,600000, 49999,     0
286, 05-17 22:19:45,1, 32040, 29192,100612,813900032, 50000,600000, 49999,     0
287, 05-17 22:19:46,1, 32040, 29170,100614,815900032, 50000,600000, 49999,     0
288, 05-17 22:19:47,1, 32029, 29126,100610,816400000, 50000,600000, 49999,     0
289, 05-17 22:19:48,1, 32040, 29083,100612,811000000, 50000,600000, 49999,     0
290, 05-17 22:19:49,1, 32040, 29071,100608,812499968, 50000,600000, 49999,     0
291, 05-17 22:19:50,1, 32040, 29061,100612,821299968, 50000,600000, 49999,     0
292, 05-17 22:19:51,1, 32040, 29061,100614,821800000, 50000,600000, 49999,     0
293, 05-17 22:19:52,1, 32040, 29055,100616,811500032, 50000,600000, 49999,     0
294, 05-17 22:19:53,1, 32040, 29044,100614,814400000, 50000,600000, 49999,     0
295, 05-17 22:19:54,1, 32050, 29049,100616,815900032, 50000,600000, 49999,     0
296, 05-17 22:19:55,1, 32040, 29039,100612,814899968, 50000,600000, 49999,     0
297, 05-17 22:19:56,1, 32050, 29043,100614,815400000, 50000,600000, 49999,     0
298, 05-17 22:19:57,1, 32050, 29059,100612,812499968, 50000,600000, 49999,     0
299, 05-17 22:19:58,1, 32050, 29049,100614,814899968, 50000,600000, 49999,     0
300, 05-17 22:19:59,1, 32050, 29054,100610,823299968, 50000,600000, 49999,     0
301, 05-17 22:20:00,1, 32050, 29070,100616,821800000, 50000,600000, 49999,     0
302, 05-17 22:20:01,1, 32040, 29050,100614,820800000, 50000,600000, 49999,     0
303, 05-17 22:20:02,1, 32040, 29050,100614,813500032, 50249,600435, 50123,  1663
304, 05-17 22:20:03,1, 32050, 29043,100614,818300032, 50128,600224, 50063,   856
305, 05-17 22:20:04,1, 32060, 29043,100614,814400000, 50337,600589, 50167,  2248
306, 05-17 22:20:06,1, 32060, 29032,100612,815400000, 50441,600771, 50219,  2942
307, 05-17 22:20:07,1, 32070, 29044,100614,814400000, 50613,601071, 50304,  4088
308, 05-17 22:20:08,1, 32060, 29038,100616,816899968, 50563,600985, 50280,  3759
309, 05-17 22:20:09,1, 32060, 29032,100616,813900032, 50765,601337, 50380,  5102
310, 05-17 22:20:10,1, 32060, 29032,100614,818800000, 50547,600956, 50271,  3650
311, 05-17 22:20:11,1, 32060, 29032,100614,817800000, 50436,600762, 50216,  2907
312, 05-17 22:20:12,1, 32060, 29026,100614,818300032, 50299,600523, 50148,  1997
313, 05-17 22:20:13,1, 32060, 29038,100614,816899968, 50292,600510, 50144,  1948
314, 05-17 22:20:14,1, 32060, 29038,100612,815900032, 50367,600642, 50182,  2450
315, 05-17 22:20:15,1, 32060, 29026,100612,815400000, 50476,600831, 50236,  3173
316, 05-17 22:20:16,1, 32070, 29028,100617,824800000, 50000,600000, 49999,     0
317, 05-17 22:20:17,1, 32060, 29015,100614,814400000, 50226,600395, 50112,  1510
318, 05-17 22:20:18,1, 32060, 29020,100614,820300032, 50000,600000, 49999,     0
319, 05-17 22:20:19,1, 32060, 29010,100614,815400000, 50174,600304, 50086,  1161
320, 05-17 22:20:20,1, 32070, 28984,100614,823299968, 50000,600000, 49999,     0
321, 05-17 22:20:21,1, 32060, 28978,100612,818300032, 50000,600000, 49999,     0
322, 05-17 22:20:22,1, 32060, 28960,100612,817800000, 50016,600029, 50008,   113
323, 05-17 22:20:23,1, 32070, 28941,100617,820300032, 50000,600000, 49999,     0
324, 05-17 22:20:24,1, 32060, 28923,100614,819299968, 50000,600000, 49999,     0
325, 05-17 22:20:25,1, 32070, 28913,100617,820800000, 50000,600000, 49999,     0
326, 05-17 22:20:26,1, 32060, 28889,100614,821800000, 50000,600000, 49999,     0
327, 05-17 22:20:27,1, 32070, 28892,100614,817400000, 50103,600180, 50051,   688
328, 05-17 22:20:28,1, 32070, 28864,100616,821800000, 50000,600000, 49999,     0
329, 05-17 22:20:29,1, 32070, 28881,100616,828300032, 50000,600000, 49999, -2627
330, 05-17 22:20:30,1, 32070, 28864,100616,816400000, 50000,600000, 49999,     0
331, 05-17 22:20:31,1, 32070, 28887,100616,823800000, 50000,600000, 49999,     0
332, 05-17 22:20:32,1, 32070, 28897,100617,828300032, 50000,600000, 49999, -2283
333, 05-17 22:20:33,1, 32070, 28913,100617,817800000, 50000,600000, 49999,     0
334, 05-17 22:20:34,1, 32070, 28947,100616,824300032, 50000,600000, 49999,     0
335, 05-17 22:20:35,1, 32070, 28952,100616,824800000, 50000,600000, 49999,     0
336, 05-17 22:20:36,1, 32080, 28974,100612,816899968, 50335,600586, 50166,  2238
337, 05-17 22:20:37,1, 32090, 28998,100617,817800000, 50602,601052, 50299,  4015
338, 05-17 22:20:38,1, 32090, 29014,100617,828300032, 50000,600000, 49999,     0
339, 05-17 22:20:39,1, 32080, 29044,100614,827299968, 50000,600000, 49999,  -787
340, 05-17 22:20:40,1, 32090, 29052,100616,818300032, 50141,600247, 50070,   944
341, 05-17 22:20:41,1, 32090, 29074,100616,817800000, 50459,600803, 50228,  3065
342, 05-17 22:20:42,1, 32090, 29079,100614,821299968, 50456,600797, 50226,  3040
343, 05-17 22:20:43,1, 32090, 29069,100616,825800000, 50090,600158, 50044,   605
344, 05-17 22:20:44,1, 32080, 29055,100616,819800000, 50254,600444, 50126,  1697
345, 05-17 22:20:45,1, 32090, 29052,100616,823299968, 50115,600201, 50057,   767
346, 05-17 22:20:46,1, 32090, 29052,100616,827299968, 50000,600000, 49999,     0
347, 05-17 22:20:47,1, 32090, 29046,100616,827299968, 50000,600000, 49999,  -688
348, 05-17 22:20:48,1, 32090, 29035,100616,817400000, 50293,600511, 50145,  1953
349, 05-17 22:20:49,1, 32099, 29020,100616,819299968, 50538,600941, 50267,  3591
350, 05-17 22:20:50,1, 32090, 28992,100616,828300032, 50035,600061, 50017,   236
351, 05-17 22:20:51,1, 32090, 28980,100612,822800000, 50033,600059, 50016,   226
352, 05-17 22:20:52,1, 32099, 28944,100616,819299968, 50316,600553, 50157,  2110
353, 05-17 22:20:53,1, 32099, 28939,100610,825800000, 50043,600076, 50021,   290
354, 05-17 22:20:54,1, 32099, 28907,100614,820300032, 50250,600437, 50124,  1668
355, 05-17 22:20:55,1, 32110, 28889,100619,819800000, 50471,600824, 50234,  3144
356, 05-17 22:20:56,1, 32099, 28884,100616,827800000, 50027,600047, 50013,   182
357, 05-17 22:20:57,1, 32099, 28841,100614,821299968, 50162,600283, 50080,  1082
358, 05-17 22:20:58,1, 32099, 28846,100612,820800000, 50322,600563, 50159,  2150
359, 05-17 22:20:59,1, 32110, 28841,100619,822300032, 50343,600600, 50170,  2292
360, 05-17 22:21:00,1, 32110, 28836,100616,822300032, 50363,600635, 50180,  2425
361, 05-17 22:21:01,1, 32130, 28848,100617,830300032, 50000,600000, 49999,     0
362, 05-17 22:21:02,1, 32130, 28848,100616,826300032, 50000,600000, 49999,     0
363, 05-17 22:21:03,1, 32119, 28848,100619,827800000, 50000,600000, 49999,  -167
364, 05-17 22:21:04,1, 32130, 28869,100619,824800000, 50000,600000, 49999,     0
365, 05-17 22:21:05,1, 32130, 28869,100619,821800000, 50180,600314, 50089,  1200
366, 05-17 22:21:06,1, 32140, 28877,100617,829800000, 50000,600000, 49999,     0
367, 05-17 22:21:07,1, 32140, 28888,100614,828300032, 50000,600000, 49999,     0
368, 05-17 22:21:08,1, 32150, 28873,100619,830300032, 50000,600000, 49999,  -870
369, 05-17 22:21:09,1, 32150, 28901,100619,824800000, 50000,600000, 49999,     0
370, 05-17 22:21:10,1, 32150, 28873,100619,825800000, 50000,600000, 49999,     0
371, 05-17 22:21:11,1, 32150, 28873,100619,825299968, 50020,600036, 50010,   137
372, 05-17 22:21:12,1, 32140, 28883,100619,818800000, 50568,600993, 50282,  3788
373, 05-17 22:21:13,1, 32140, 28877,100619,825299968, 50528,600923, 50262,  3523
374, 05-17 22:21:14,1, 32150, 28863,100616,824800000, 50533,600932, 50264,  3557
375, 05-17 22:21:15,1, 32160, 28876,100617,822800000, 50695,601216, 50345,  4639
376, 05-17 22:21:16,1, 32160, 28859,100616,830300032, 50239,600417, 50118,  1594
377, 05-17 22:21:17,1, 32160, 28837,100616,827800000, 50039,600068, 50019,   260
378, 05-17 22:21:18,1, 32160, 28843,100619,829800000, 50000,600000, 49999,     0
379, 05-17 22:21:19,1, 32150, 28819,100617,818300032, 50583,601018, 50289,  3887
380, 05-17 22:21:20,1, 32150, 28802,100617,819299968, 51062,601855, 50528,  7080
381, 05-17 22:21:21,1, 32160, 28788,100617,820300032, 51403,602451, 50699,  9353
382, 05-17 22:21:22,1, 32160, 28777,100616,828800000, 51022,601786, 50508,  6814
383, 05-17 22:21:23,1, 32160, 28772,100616,828300032, 50728,601272, 50362,  4856
384, 05-17 22:21:24,1, 32160, 28793,100619,824300032, 50788,601377, 50391,  5255
385, 05-17 22:21:25,1, 32160, 28777,100617,823800000, 50883,601543, 50439,  5889
386, 05-17 22:21:26,1, 32160, 28782,100617,826300032, 50767,601341, 50381,  5117
387, 05-17 22:21:27,1, 32160, 28793,100617,822300032, 50986,601724, 50491,  6578
388, 05-17 22:21:28,1, 32169, 28811,100619,832800000, 50335,600585, 50166,  2233
389, 05-17 22:21:29,1, 32169, 28816,100617,829299968, 50040,600070, 50020,   270
390, 05-17 22:21:30,1, 32160, 28832,100614,828800000, 50000,600000, 49999,     0
391, 05-17 22:21:31,1, 32160, 28848,100617,829299968, 50000,600000, 49999,     0
392, 05-17 22:21:32,1, 32160, 28869,100616,824300032, 50148,600259, 50073,   989
393, 05-17 22:21:33,1, 32169, 28864,100619,830300032, 50000,600000, 49999,     0
394, 05-17 22:21:34,1, 32160, 28903,100621,825800000, 50056,600098, 50027,   373
395, 05-17 22:21:35,1, 32160, 28930,100616,832300032, 50000,600000, 49999,  -344
396, 05-17 22:21:36,1, 32160, 28942,100617,825800000, 50014,600024, 50006,    93
397, 05-17 22:21:37,1, 32169, 28947,100619,831800000, 50000,600000, 49999,  -127
398, 05-17 22:21:38,1, 32169, 28958,100621,831299968, 50000,600000, 49999,  -177
399, 05-17 22:21:39,1, 32169, 28964,100617,826800000, 50016,600029, 50008,   113
400, 05-17 22:21:40,1, 32169, 28990,100616,831299968, 50000,600000, 49999,     0
401, 05-17 22:21:41,1, 32180, 28988,100617,832300032, 50000,600000, 49999,  -167
402, 05-17 22:21:42,1, 32169, 29008,100617,831800000, 50000,600000, 49999,     0
403, 05-17 22:21:43,1, 32180, 29014,100616,828300032, 50002,600005, 50001,    19
404, 05-17 22:21:44,1, 32169, 28990,100616,832800000, 50000,600000, 49999,     0
405, 05-17 22:21:45,1, 32180, 29004,100617,830300032, 50000,600000, 49999,     0
406, 05-17 22:21:46,1, 32180, 29004,100617,830800000, 50000,600000, 49999,     0
407, 05-17 22:21:47,1, 32180, 28993,100616,832300032, 50000,600000, 49999,     0
408, 05-17 22:21:48,1, 32180, 28993,100617,831800000, 50000,600000, 49999,     0
409, 05-17 22:21:49,1, 32180, 28988,100617,828300032, 50115,600201, 50057,   767
410, 05-17 22:21:50,1, 32180, 28988,100619,822800000, 50683,601194, 50339,  4556
411, 05-17 22:21:51,1, 32189, 28970,100617,834300032, 50263,600460, 50130,  1756
412, 05-17 22:21:52,1, 32189, 28949,100617,827299968, 50452,600790, 50224,  3016
413, 05-17 22:21:53,1, 32189, 28938,100617,827299968, 50619,601082, 50307,  4128
414, 05-17 22:21:54,1, 32189, 28911,100617,829800000, 50568,600993, 50282,  3788
415, 05-17 22:21:55,1, 32189, 28889,100616,826300032, 50805,601407, 50400,  5368
416, 05-17 22:21:56,1, 32189, 28883,100617,827299968, 50933,601631, 50464,  6224
417, 05-17 22:21:57,1, 32180, 28856,100614,831299968, 50729,601275, 50362,  4866
418, 05-17 22:21:58,1, 32189, 28851,100617,835900032, 50183,600321, 50091,  1225
419, 05-17 22:21:59,1, 32189, 28834,100616,824800000, 50589,601030, 50292,  3931
420, 05-17 22:22:00,1, 32189, 28796,100614,833800000, 50232,600406, 50115,  1549
421, 05-17 22:22:01,1, 32189, 28786,100617,833800000, 50000,600000, 49999,     0
422, 05-17 22:22:02,1, 32189, 28774,100617,830800000, 50000,600000, 49999,     0
423, 05-17 22:22:03,1, 32189, 28736,100617,828800000, 50123,600216, 50061,   826
424, 05-17 22:22:04,1, 32189, 28736,100617,829299968, 50200,600350, 50099,  1338
425, 05-17 22:22:05,1, 32189, 28731,100619,830300032, 50190,600332, 50094,  1269
426, 05-17 22:22:06,1, 32200, 28723,100619,829299968, 50260,600455, 50129,  1736
427, 05-17 22:22:07,1, 32200, 28718,100616,828300032, 50403,600705, 50200,  2691
428, 05-17 22:22:08,1, 32210, 28735,100614,826800000, 50649,601134, 50322,  4329
429, 05-17 22:22:09,1, 32200, 28751,100612,834300032, 50267,600466, 50132,  1781
430, 05-17 22:22:10,1, 32200, 28728,100616,831299968, 50171,600300, 50085,  1146
431, 05-17 22:22:11,1, 32200, 28728,100617,832300032, 50008,600014, 50004,    54
432, 05-17 22:22:12,1, 32210, 28712,100617,828800000, 50144,600252, 50071,   964
433, 05-17 22:22:13,1, 32200, 28701,100617,832300032, 50000,600000, 49999,     0
434, 05-17 22:22:14,1, 32200, 28691,100619,833800000, 50000,600000, 49999,     0
435, 05-17 22:22:15,1, 32210, 28696,100619,825299968, 50411,600719, 50204,  2745
436, 05-17 22:22:16,1, 32210, 28686,100621,834300032, 50093,600163, 50046,   624
437, 05-17 22:22:17,1, 32210, 28675,100616,833299968, 50000,600000, 49999,     0
438, 05-17 22:22:18,1, 32200, 28686,100617,830300032, 50047,600082, 50023,   314
439, 05-17 22:22:19,1, 32210, 28669,100619,834300032, 50000,600000, 49999,     0
440, 05-17 22:22:20,1, 32210, 28691,100619,832300032, 50000,600000, 49999,     0
441, 05-17 22:22:21,1, 32210, 28663,100619,828300032, 50243,600425, 50120,  1623
442, 05-17 22:22:22,1, 32200, 28680,100617,824800000, 50755,601319, 50375,  5033
443, 05-17 22:22:23,1, 32210, 28696,100619,834300032, 50445,600777, 50220,  2967
444, 05-17 22:22:24,1, 32210, 28712,100617,831800000, 50369,600646, 50183,  2465
445, 05-17 22:22:25,1, 32210, 28707,100617,828800000, 50543,600950, 50270,  3626
446, 05-17 22:22:26,1, 32210, 28712,100617,834800000, 50218,600381, 50108,  1456
447, 05-17 22:22:27,1, 32200, 28696,100617,829299968, 50374,600653, 50185,  2494
448, 05-17 22:22:28,1, 32210, 28718,100619,835400000, 50022,600038, 50010,   147
449, 05-17 22:22:29,1, 32210, 28712,100619,831800000, 50000,600000, 49999,     0
450, 05-17 22:22:30,1, 32210, 28712,100621,829800000, 50140,600245, 50069,   934
451, 05-17 22:22:31,1, 32210, 28712,100621,831800000, 50104,600183, 50051,   698
452, 05-17 22:22:32,1, 32210, 28756,100619,830800000, 50149,600261, 50074,   998
453, 05-17 22:22:33,1, 32210, 28794,100619,835900032, 50000,600000, 49999,     0
454, 05-17 22:22:34,1, 32220, 28772,100619,832300032, 50000,600000, 49999,     0
455, 05-17 22:22:35,1, 32220, 28806,100617,833299968, 50000,600000, 49999,     0
456, 05-17 22:22:36,1, 32230, 28802,100619,829800000, 50152,600266, 50075,  1018
457, 05-17 22:22:37,1, 32230, 28839,100619,832800000, 50062,600109, 50031,   418
458, 05-17 22:22:38,1, 32230, 28839,100619,834300032, 50000,600000, 49999,     0
459, 05-17 22:22:39,1, 32240, 28851,100617,834300032, 50000,600000, 49999,     0
460, 05-17 22:22:40,1, 32240, 28873,100619,829299968, 50204,600357, 50101,  1362
461, 05-17 22:22:41,1, 32230, 28883,100617,829299968, 50414,600723, 50205,  2760
462, 05-17 22:22:42,1, 32230, 28905,100616,832300032, 50355,600621, 50176,  2371
463, 05-17 22:22:43,1, 32230, 28927,100616,833299968, 50219,600384, 50109,  1466
464, 05-17 22:22:44,1, 32240, 28899,100617,830800000, 50300,600524, 50148,  2002
465, 05-17 22:22:45,1, 32250, 28925,100619,835400000, 50000,600000, 49999,     0
466, 05-17 22:22:46,1, 32240, 28905,100616,828800000, 50262,600459, 50130,  1751
467, 05-17 22:22:47,1, 32230, 28894,100617,835400000, 50000,600000, 49999,     0
468, 05-17 22:22:48,1, 32240, 28883,100616,831800000, 50020,600036, 50010,   137
469, 05-17 22:22:49,1, 32230, 28846,100617,836400000, 50000,600000, 49999,     0
470, 05-17 22:22:50,1, 32240, 28856,100616,831299968, 50050,600089, 50025,   339
471, 05-17 22:22:51,1, 32230, 28828,100616,836400000, 50000,600000, 49999,     0
472, 05-17 22:22:52,1, 32230, 28818,100616,836400000, 50000,600000, 49999,     0
473, 05-17 22:22:53,1, 32230, 28802,100619,837900032, 50000,600000, 49999,  -467
474, 05-17 22:22:54,1, 32240, 28768,100617,832300032, 50002,600003, 50001,    14
475, 05-17 22:22:55,1, 32240, 28752,100617,828300032, 50436,600762, 50216,  2907
476, 05-17 22:22:56,1, 32240, 28763,100617,829800000, 50697,601218, 50346,  4649
477, 05-17 22:22:57,1, 32230, 28731,100617,834300032, 50573,601002, 50284,  3823
478, 05-17 22:22:58,1, 32230, 28726,100617,833299968, 50544,600951, 50270,  3631
479, 05-17 22:22:59,1, 32230, 28715,100616,833299968, 50520,600909, 50258,  3468
480, 05-17 22:23:00,1, 32230, 28708,100616,833299968, 50501,600875, 50248,  3340
481, 05-17 22:23:01,1, 32230, 28715,100617,832300032, 50562,600982, 50279,  3749
482, 05-17 22:23:02,1, 32240, 28687,100617,833299968, 50539,600942, 50267,  3596
483, 05-17 22:23:03,1, 32240, 28681,100619,836400000, 50272,600475, 50135,  1815
484, 05-17 22:23:04,1, 32240, 28687,100617,830300032, 50524,600915, 50260,  3493
485, 05-17 22:23:05,1, 32250, 28686,100617,835400000, 50337,600589, 50167,  2248
486, 05-17 22:23:06,1, 32259, 28691,100617,837900032, 50000,600000, 49999,     0
487, 05-17 22:23:07,1, 32259, 28652,100617,829800000, 50323,600564, 50160,  2155
488, 05-17 22:23:08,1, 32259, 28652,100616,835400000, 50166,600290, 50082,  1107
489, 05-17 22:23:09,1, 32259, 28663,100621,834800000, 50074,600130, 50036,   496
490, 05-17 22:23:10,1, 32270, 28671,100617,836400000, 50000,600000, 49999,     0
491, 05-17 22:23:11,1, 32270, 28660,100617,831299968, 50200,600349, 50099,  1333
492, 05-17 22:23:12,1, 32270, 28671,100623,836400000, 50000,600000, 49999,     0
493, 05-17 22:23:13,1, 32259, 28647,100621,826800000, 50582,601017, 50289,  3882
494, 05-17 22:23:14,1, 32270, 28649,100619,830800000, 50776,601356, 50386,  5176
495, 05-17 22:23:15,1, 32270, 28637,100617,834800000, 50629,601100, 50312,  4197
496, 05-17 22:23:16,1, 32270, 28643,100619,831299968, 50780,601363, 50387,  5200
497, 05-17 22:23:17,1, 32270, 28649,100617,832800000, 50791,601383, 50393,  5279
498, 05-17 22:23:18,1, 32270, 28637,100617,837900032, 50398,600696, 50197,  2657
499, 05-17 22:23:19,1, 32270, 28637,100617,833800000, 50377,600660, 50187,  2519
500, 05-17 22:23:20,1, 32270, 28655,100621,827299968, 50878,601534, 50436,  5855
501, 05-17 22:23:21,1, 32270, 28627,100621,832300032, 50921,601610, 50458,  6145
502, 05-17 22:23:22,1, 32270, 28649,100619,837900032, 50513,600897, 50255,  3424
503, 05-17 22:23:23,1, 32270, 28643,100619,832300032, 50600,601048, 50298,  4000
504, 05-17 22:23:24,1, 32270, 28649,100619,837400000, 50270,600472, 50133,  1800
505, 05-17 22:23:25,1, 32279, 28660,100619,834300032, 50223,600390, 50110,  1490
506, 05-17 22:23:26,1, 32270, 28660,100617,839500032, 50000,600000, 49999,     0
507, 05-17 22:23:27,1, 32270, 28643,100619,838400000, 50000,600000, 49999,   -34
508, 05-17 22:23:28,1, 32279, 28649,100619,836899968, 50000,600000, 49999,     0
509, 05-17 22:23:29,1, 32279, 28660,100621,830800000, 50311,600544, 50154,  2076
510, 05-17 22:23:30,1, 32290, 28656,100623,834800000, 50297,600519, 50147,  1982
511, 05-17 22:23:31,1, 32279, 28676,100623,838400000, 50000,600000, 49999,     0
512, 05-17 22:23:32,1, 32290, 28672,100623,830300032, 50380,600664, 50188,  2534
513, 05-17 22:23:33,1, 32279, 28681,100621,835400000, 50309,600540, 50153,  2061
514, 05-17 22:23:34,1, 32290, 28716,100619,837400000, 50081,600143, 50040,   546
515, 05-17 22:23:35,1, 32290, 28711,100621,833299968, 50208,600363, 50103,  1387
516, 05-17 22:23:36,1, 32290, 28732,100623,836899968, 50031,600054, 50015,   206
517, 05-17 22:23:37,1, 32290, 28766,100623,838400000, 50000,600000, 49999,     0
518, 05-17 22:23:38,1, 32300, 28789,100623,835400000, 50000,600000, 49999,     0
519, 05-17 22:23:39,1, 32300, 28800,100623,831299968, 50304,600531, 50150,  2027
520, 05-17 22:23:40,1, 32300, 28822,100617,836400000, 50170,600297, 50084,  1136
521, 05-17 22:23:41,1, 32310, 28849,100621,832300032, 50374,600653, 50185,  2494
522, 05-17 22:23:42,1, 32300, 28854,100621,831299968, 50632,601105, 50314,  4216
523, 05-17 22:23:43,1, 32310, 28887,100623,836400000, 50447,600781, 50221,  2981
524, 05-17 22:23:44,1, 32310, 28887,100623,837400000, 50202,600353, 50100,  1348
525, 05-17 22:23:45,1, 32310, 28909,100621,837400000, 50000,600000, 49999,     0
526, 05-17 22:23:46,1, 32310, 28893,100623,837900032, 50000,600000, 49999,     0
527, 05-17 22:23:47,1, 32310, 28882,100621,836899968, 50000,600000, 49999,     0
528, 05-17 22:23:48,1, 32310, 28866,100621,836400000, 50000,600000, 49999,     0
529, 05-17 22:23:49,1, 32300, 28871,100621,837400000, 50000,600000, 49999,     0
530, 05-17 22:23:50,1, 32310, 28859,100623,837900032, 50000,600000, 49999,     0
531, 05-17 22:23:51,1, 32300, 28859,100621,842099968, 50000,600000, 49999, -1156
532, 05-17 22:23:52,1, 32310, 28843,100623,837900032, 50000,600000, 49999,     0
533, 05-17 22:23:53,1, 32300, 28822,100623,841000000, 50000,600000, 49999,  -255
534, 05-17 22:23:54,1, 32300, 28806,100619,835900032, 50021,600037, 50010,   142
535, 05-17 22:23:55,1, 32300, 28800,100621,833800000, 50289,600505, 50143,  1928
536, 05-17 22:23:56,1, 32310, 28778,100627,833299968, 50564,600986, 50280,  3764
537, 05-17 22:23:57,1, 32310, 28740,100625,835900032, 50602,601053, 50299,  4019
538, 05-17 22:23:58,1, 32310, 28712,100623,840499968, 50273,600478, 50135,  1825
539, 05-17 22:23:59,1, 32300, 28718,100619,839500032, 50064,600112, 50031,   428
540, 05-17 22:24:00,1, 32300, 28696,100619,837900032, 50006,600011, 50003,    44
541, 05-17 22:24:01,1, 32290, 28695,100621,830300032, 50563,600985, 50280,  3759
542, 05-17 22:24:02,1, 32290, 28667,100619,838400000, 50411,600719, 50204,  2745
543, 05-17 22:24:03,1, 32290, 28651,100621,833299968, 50686,601199, 50341,  4575
544, 05-17 22:24:04,1, 32300, 28652,100621,837400000, 50600,601048, 50298,  4000
545, 05-17 22:24:05,1, 32300, 28636,100619,838400000, 50446,600780, 50221,  2976
546, 05-17 22:24:06,1, 32300, 28636,100621,838400000, 50311,600544, 50154,  2076
547, 05-17 22:24:07,1, 32300, 28631,100619,837400000, 50272,600475, 50135,  1815
548, 05-17 22:24:08,1, 32300, 28609,100623,841500032, 50000,600000, 49999,     0
549, 05-17 22:24:09,1, 32290, 28624,100621,837900032, 50000,600000, 49999,     0
550, 05-17 22:24:10,1, 32300, 28587,100619,841500032, 50000,600000, 49999,     0
551, 05-17 22:24:11,1, 32310, 28609,100623,841500032, 50000,600000, 49999,     0
552, 05-17 22:24:12,1, 32310, 28592,100621,840499968, 50000,600000, 49999,     0
553, 05-17 22:24:13,1, 32310, 28604,100623,840000000, 50000,600000, 49999,     0
554, 05-17 22:24:14,1, 32310, 28597,100621,834800000, 50301,600526, 50149,  2007
555, 05-17 22:24:15,1, 32310, 28597,100621,839500032, 50214,600375, 50106,  1431
556, 05-17 22:24:16,1, 32320, 28611,100617,836400000, 50381,600666, 50189,  2543
557, 05-17 22:24:17,1, 32320, 28589,100619,835400000, 50610,601066, 50303,  4069
558, 05-17 22:24:18,1, 32320, 28600,100623,840000000, 50446,600780, 50221,  2976
559, 05-17 22:24:19,1, 32320, 28584,100623,836400000, 50589,601030, 50292,  3931
560, 05-17 22:24:20,1, 32320, 28600,100621,840499968, 50389,600680, 50193,  2597
561, 05-17 22:24:21,1, 32310, 28565,100621,836400000, 50543,600949, 50269,  3621
562, 05-17 22:24:22,1, 32310, 28581,100621,841500032, 50274,600479, 50136,  1830
563, 05-17 22:24:23,1, 32310, 28581,100617,830800000, 50888,601552, 50442,  5924
564, 05-17 22:24:24,1, 32310, 28571,100617,834300032, 51152,602013, 50573,  7680
565, 05-17 22:24:25,1, 32310, 28587,100623,838400000, 51058,601849, 50526,  7055
566, 05-17 22:24:26,1, 32310, 28576,100623,842099968, 50684,601195, 50339,  4561
567, 05-17 22:24:27,1, 32320, 28584,100623,840499968, 50479,600838, 50238,  3198
568, 05-17 22:24:28,1, 32310, 28592,100623,837900032, 50505,600883, 50251,  3370
569, 05-17 22:24:29,1, 32310, 28604,100623,840000000, 50362,600633, 50179,  2415
570, 05-17 22:24:30,1, 32310, 28604,100619,836899968, 50481,600842, 50239,  3213
571, 05-17 22:24:31,1, 32300, 28615,100619,841000000, 50263,600460, 50130,  1756
572, 05-17 22:24:32,1, 32320, 28611,100619,842600000, 50000,600000, 49999,     0
573, 05-17 22:24:33,1, 32310, 28609,100625,834800000, 50327,600572, 50162,  2184
574, 05-17 22:24:34,1, 32310, 28615,100623,843100032, 50000,600000, 49999,     0
575, 05-17 22:24:35,1, 32310, 28636,100623,837400000, 50125,600219, 50062,   836
576, 05-17 22:24:36,1, 32310, 28663,100625,838400000, 50159,600278, 50079,  1062
577, 05-17 22:24:37,1, 32310, 28686,100623,835400000, 50425,600742, 50210,  2834
578, 05-17 22:24:38,1, 32300, 28718,100623,840499968, 50253,600443, 50125,  1692
579, 05-17 22:24:39,1, 32310, 28740,100623,841500032, 50019,600033, 50009,   127
580, 05-17 22:24:40,1, 32310, 28756,100625,832300032, 50541,600945, 50268,  3606
581, 05-17 22:24:41,1, 32300, 28800,100625,841500032, 50266,600465, 50132,  1776
582, 05-17 22:24:42,1, 32300, 28816,100623,840000000, 50140,600246, 50069,   939
583, 05-17 22:24:43,1, 32300, 28838,100621,841500032, 50000,600000, 49999,     0
584, 05-17 22:24:44,1, 32310, 28871,100621,842099968, 50000,600000, 49999,     0
585, 05-17 22:24:45,1, 32300, 28893,100621,841000000, 50000,600000, 49999,     0
586, 05-17 22:24:46,1, 32310, 28898,100621,843600000, 50000,600000, 49999,  -162
587, 05-17 22:24:47,1, 32300, 28925,100621,843100032, 50000,600000, 49999,     0
588, 05-17 22:24:48,1, 32300, 28919,100623,837400000, 50166,600290, 50082,  1107
589, 05-17 22:24:49,1, 32300, 28931,100623,843600000, 50000,600000, 49999,     0
590, 05-17 22:24:50,1, 32290, 28924,100619,841000000, 50000,600000, 49999,     0
591, 05-17 22:24:51,1, 32290, 28940,100621,842600000, 50000,600000, 49999,     0
592, 05-17 22:24:52,1, 32290, 28929,100621,842099968, 50000,600000, 49999,     0
593, 05-17 22:24:53,1, 32300, 28942,100621,844099968, 50000,600000, 49999,     0
594, 05-17 22:24:54,1, 32290, 28918,100623,838400000, 50166,600290, 50082,  1107
595, 05-17 22:24:55,1, 32300, 28914,100619,837900032, 50391,600683, 50194,  2607
596, 05-17 22:24:56,1, 32300, 28876,100619,840000000, 50425,600742, 50210,  2834
597, 05-17 22:24:57,1, 32290, 28831,100621,840499968, 50420,600735, 50208,  2804
598, 05-17 22:24:58,1, 32290, 28863,100623,847800000, 50000,600000, 49999,     0
599, 05-17 22:24:59,1, 32290, 28809,100625,842600000, 50000,600000, 49999,     0
600, 05-17 22:25:00,1, 32290, 28809,100623,844099968, 50000,600000, 49999,     0
601, 05-17 22:25:01,1, 32300, 28783,100625,838400000, 50228,600399, 50113,  1525
602, 05-17 22:25:02,1, 32290, 28766,100621,840499968, 50301,600526, 50149,  2007
603, 05-17 22:25:03,1, 32290, 28776,100621,840000000, 50401,600701, 50199,  2676
604, 05-17 22:25:04,1, 32290, 28732,100621,843100032, 50250,600437, 50124,  1668
605, 05-17 22:25:05,1, 32290, 28743,100621,840000000, 50360,600629, 50178,  2401
606, 05-17 22:25:06,1, 32290, 28716,100623,838400000, 50586,601024, 50291,  3906
607, 05-17 22:25:07,1, 32290, 28695,100623,839000000, 50739,601292, 50367,  4930
608, 05-17 22:25:08,1, 32290, 28683,100623,840499968, 50758,601325, 50377,  5058
609, 05-17 22:25:09,1, 32290, 28667,100621,842600000, 50611,601067, 50303,  4074
610, 05-17 22:25:11,1, 32290, 28656,100621,851500032, 50000,600000, 49999,     0
611, 05-17 22:25:12,1, 32300, 28663,100623,841500032, 50019,600034, 50009,   132
612, 05-17 22:25:13,1, 32300, 28641,100623,841500032, 50070,600123, 50035,   472
613, 05-17 22:25:14,1, 32300, 28641,100621,843600000, 50000,600000, 49999,     0
614, 05-17 22:25:15,1, 32310, 28636,100623,835900032, 50495,600865, 50245,  3301
615, 05-17 22:25:16,1, 32310, 28652,100621,839000000, 50692,601209, 50344,  4615
616, 05-17 22:25:17,1, 32310, 28636,100621,836400000, 51073,601875, 50534,  7154
617, 05-17 22:25:18,1, 32310, 28647,100619,843100032, 50879,601537, 50437,  5865
618, 05-17 22:25:19,1, 32310, 28641,100621,843100032, 50709,601239, 50352,  4728
619, 05-17 22:25:20,1, 32310, 28636,100623,841500032, 50685,601198, 50340,  4571
620, 05-17 22:25:21,1, 32310, 28641,100623,844700032, 50413,600722, 50205,  2755
621, 05-17 22:25:22,1, 32310, 28620,100621,841000000, 50466,600815, 50231,  3109
622, 05-17 22:25:23,1, 32310, 28636,100623,843600000, 50308,600539, 50153,  2056
623, 05-17 22:25:24,1, 32310, 28625,100621,839000000, 50533,600932, 50264,  3557
624, 05-17 22:25:25,1, 32310, 28620,100623,841500032, 50535,600936, 50266,  3572
625, 05-17 22:25:26,1, 32310, 28631,100617,842099968, 50489,600855, 50242,  3262
626, 05-17 22:25:27,1, 32300, 28663,100621,837900032, 50780,601364, 50388,  5205
627, 05-17 22:25:28,1, 32300, 28675,100623,844700032, 50498,600871, 50247,  3326
628, 05-17 22:25:29,1, 32310, 28669,100623,838400000, 50747,601306, 50371,  4984
629, 05-17 22:25:30,1, 32300, 28707,100621,843600000, 50554,600968, 50275,  3695
630, 05-17 22:25:31,1, 32300, 28723,100619,841000000, 50588,601027, 50292,  3921
631, 05-17 22:25:32,1, 32310, 28735,100621,837400000, 50900,601573, 50447,  6002
632, 05-17 22:25:33,1, 32310, 28751,100619,842099968, 50800,601399, 50398,  5338
633, 05-17 22:25:34,1, 32310, 28778,100617,840499968, 50836,601462, 50416,  5579
634, 05-17 22:25:35,1, 32310, 28783,100621,837900032, 51073,601876, 50534,  7159
635, 05-17 22:25:36,1, 32310, 28816,100625,841500032, 50994,601737, 50494,  6627
636, 05-17 22:25:37,1, 32310, 28833,100621,846800000, 50503,600879, 50249,  3355
637, 05-17 22:25:38,1, 32300, 28843,100621,845699968, 50156,600273, 50077,  1043
638, 05-17 22:25:39,1, 32310, 28859,100621,845699968, 50000,600000, 49999,     0
639, 05-17 22:25:40,1, 32310, 28893,100621,843600000, 50000,600000, 49999,     0
640, 05-17 22:25:41,1, 32310, 28893,100623,840000000, 50160,600281, 50079,  1072
641, 05-17 22:25:42,1, 32320, 28905,100621,836899968, 50563,600985, 50280,  3759
642, 05-17 22:25:43,1, 32320, 28938,100619,838400000, 50795,601390, 50395,  5304
643, 05-17 22:25:44,1, 32330, 28933,100623,842099968, 50704,601230, 50349,  4694
644, 05-17 22:25:45,1, 32320, 28944,100621,840499968, 50747,601306, 50371,  4984
645, 05-17 22:25:46,1, 32330, 28966,100621,842600000, 50614,601074, 50305,  4098
646, 05-17 22:25:47,1, 32330, 28977,100623,840499968, 50659,601152, 50327,  4398
647, 05-17 22:25:48,1, 32320, 28982,100619,844099968, 50413,600722, 50205,  2755
648, 05-17 22:25:49,1, 32320, 28970,100619,841000000, 50440,600769, 50218,  2937
649, 05-17 22:25:50,1, 32320, 28977,100619,843100032, 50294,600514, 50146,  1963
650, 05-17 22:25:51,1, 32330, 28977,100623,841000000, 50329,600575, 50163,  2194
651, 05-17 22:25:52,1, 32330, 28972,100625,844700032, 50064,600112, 50031,   428
652, 05-17 22:25:53,1, 32330, 28966,100623,843600000, 50000,600000, 49999,     0
653, 05-17 22:25:54,1, 32330, 28949,100623,844700032, 50000,600000, 49999,     0
654, 05-17 22:25:55,1, 32330, 28944,100623,843100032, 50000,600000, 49999,     0
655, 05-17 22:25:56,1, 32320, 28917,100621,834800000, 50583,601020, 50289,  3892
656, 05-17 22:25:57,1, 32330, 28900,100623,842600000, 50492,600860, 50244,  3281
657, 05-17 22:25:58,1, 32330, 28889,100623,842099968, 50451,600789, 50224,  3011
658, 05-17 22:25:59,1, 32330, 28873,100625,845699968, 50131,600229, 50065,   875
659, 05-17 22:26:00,1, 32320, 28862,100619,840000000, 50299,600523, 50148,  1997
660, 05-17 22:26:01,1, 32320, 28839,100621,844700032, 50078,600138, 50039,   526
661, 05-17 22:26:02,1, 32320, 28834,100619,845699968, 50000,600000, 49999,     0
662, 05-17 22:26:03,1, 32310, 28822,100621,844099968, 50000,600000, 49999,     0
663, 05-17 22:26:04,1, 32320, 28802,100623,840000000, 50199,600348, 50098,  1328
664, 05-17 22:26:05,1, 32310, 28789,100619,844700032, 50027,600047, 50013,   182
665, 05-17 22:26:06,1, 32320, 28774,100621,842600000, 50040,600070, 50020,   270
666, 05-17 22:26:07,1, 32320, 28768,100625,844700032, 50000,600000, 49999,     0
667, 05-17 22:26:08,1, 32320, 28752,100623,845699968, 50000,600000, 49999,     0
668, 05-17 22:26:09,1, 32320, 28726,100621,844700032, 50000,600000, 49999,     0
669, 05-17 22:26:10,1, 32320, 28731,100619,847800000, 50000,600000, 49999,  -118
670, 05-17 22:26:11,1, 32320, 28708,100619,844700032, 50000,600000, 49999,     0
671, 05-17 22:26:12,1, 32320, 28697,100623,843600000, 50022,600038, 50010,   147
672, 05-17 22:26:13,1, 32320, 28687,100623,846800000, 50000,600000, 49999,     0
673, 05-17 22:26:14,1, 32330, 28677,100623,845699968, 50000,600000, 49999,     0
674, 05-17 22:26:15,1, 32320, 28660,100623,836400000, 50628,601098, 50312,  4192
675, 05-17 22:26:16,1, 32330, 28650,100619,839000000, 50995,601739, 50495,  6637
676, 05-17 22:26:17,1, 32330, 28671,100621,844700032, 50867,601516, 50431,  5786
677, 05-17 22:26:18,1, 32340, 28651,100623,845699968, 50676,601181, 50335,  4507
678, 05-17 22:26:19,1, 32330, 28655,100621,842600000, 50754,601318, 50374,  5028
679, 05-17 22:26:20,1, 32330, 28650,100619,843600000, 50745,601302, 50370,  4969
680, 05-17 22:26:21,1, 32340, 28651,100621,842099968, 50855,601494, 50425,  5702
681, 05-17 22:26:22,1, 32340, 28651,100621,845699968, 50667,601167, 50331,  4452
682, 05-17 22:26:23,1, 32340, 28667,100621,843100032, 50707,601236, 50351,  4718
683, 05-17 22:26:24,1, 32340, 28662,100623,846200000, 50498,600871, 50247,  3326
684, 05-17 22:26:25,1, 32340, 28667,100623,845699968, 50354,600619, 50175,  2361
685, 05-17 22:26:26,1, 32340, 28667,100623,843600000, 50392,600686, 50194,  2617
686, 05-17 22:26:27,1, 32340, 28678,100621,840499968, 50670,601170, 50332,  4467
687, 05-17 22:26:28,1, 32340, 28685,100619,844700032, 50583,601018, 50289,  3887
688, 05-17 22:26:29,1, 32340, 28706,100617,843600000, 50591,601032, 50293,  3941
689, 05-17 22:26:30,1, 32340, 28701,100621,844700032, 50512,600896, 50254,  3419
690, 05-17 22:26:31,1, 32340, 28711,100621,837400000, 51020,601782, 50507,  6800
691, 05-17 22:26:32,1, 32340, 28733,100621,842600000, 51053,601840, 50524,  7021
692, 05-17 22:26:33,1, 32349, 28735,100623,846800000, 50750,601311, 50373,  5004
693, 05-17 22:26:34,1, 32349, 28768,100621,844700032, 50645,601127, 50320,  4300
694, 05-17 22:26:35,1, 32360, 28775,100617,845699968, 50470,600821, 50233,  3134
695, 05-17 22:26:36,1, 32360, 28802,100625,844099968, 50438,600766, 50217,  2922
696, 05-17 22:26:37,1, 32360, 28802,100621,841000000, 50653,601142, 50324,  4359
697, 05-17 22:26:38,1, 32360, 28813,100621,843600000, 50637,601114, 50316,  4251
698, 05-17 22:26:39,1, 32360, 28824,100621,842600000, 50698,601221, 50347,  4659
699, 05-17 22:26:40,1, 32360, 28834,100619,841000000, 50878,601534, 50436,  5855
700, 05-17 22:26:41,1, 32360, 28846,100617,843100032, 50867,601516, 50431,  5786
701, 05-17 22:26:42,1, 32360, 28846,100619,844700032, 50729,601275, 50362,  4866
702, 05-17 22:26:43,1, 32360, 28852,100621,845699968, 50528,600923, 50262,  3523
703, 05-17 22:26:44,1, 32360, 28879,100619,846800000, 50260,600455, 50129,  1736
704, 05-17 22:26:45,1, 32360, 28873,100619,844700032, 50188,600328, 50093,  1254
705, 05-17 22:26:46,1, 32360, 28879,100621,846200000, 50003,600006, 50001,    24
706, 05-17 22:26:47,1, 32360, 28889,100621,846200000, 50000,600000, 49999,     0
707, 05-17 22:26:48,1, 32360, 28917,100621,847299968, 50000,600000, 49999,     0
708, 05-17 22:26:49,1, 32360, 28917,100621,853100032, 50000,600000, 49999, -2425
709, 05-17 22:26:50,1, 32360, 28928,100621,845200000, 50000,600000, 49999,  -305
710, 05-17 22:26:51,1, 32369, 28939,100621,842099968, 50166,600290, 50082,  1107
711, 05-17 22:26:52,1, 32360, 28944,100617,848899968, 50000,600000, 49999,     0
712, 05-17 22:26:53,1, 32349, 28948,100621,852000000, 50000,600000, 49999, -1249
713, 05-17 22:26:54,1, 32349, 28948,100621,842600000, 50044,600077, 50021,   295
714, 05-17 22:26:55,1, 32349, 28953,100621,846200000, 50012,600021, 50006,    83
715, 05-17 22:26:56,1, 32349, 28948,100621,845200000, 50061,600107, 50030,   408
716, 05-17 22:26:57,1, 32349, 28948,100621,846800000, 50000,600000, 49999,     0
717, 05-17 22:26:58,1, 32349, 28920,100619,845699968, 50008,600015, 50004,    59
718, 05-17 22:26:59,1, 32340, 28913,100623,841500032, 50351,600613, 50174,  2342
719, 05-17 22:27:00,1, 32340, 28886,100621,847299968, 50198,600346, 50098,  1323
720, 05-17 22:27:01,1, 32340, 28880,100621,843600000, 50353,600617, 50175,  2356
721, 05-17 22:27:02,1, 32349, 28854,100623,843600000, 50490,600857, 50243,  3272
722, 05-17 22:27:03,1, 32349, 28849,100621,842600000, 50690,601205, 50342,  4600
723, 05-17 22:27:04,1, 32349, 28872,100621,847299968, 50493,600861, 50244,  3286
724, 05-17 22:27:05,1, 32340, 28853,100621,845699968, 50447,600781, 50221,  2981
725, 05-17 22:27:06,1, 32340, 28858,100621,841500032, 50737,601288, 50366,  4915
726, 05-17 22:27:07,1, 32340, 28848,100623,853600000, 50042,600074, 50021,   285
727, 05-17 22:27:08,1, 32330, 28846,100621,846200000, 50011,600020, 50005,    78
728, 05-17 22:27:09,1, 32340, 28837,100621,839500032, 50511,600893, 50253,  3409
729, 05-17 22:27:10,1, 32330, 28824,100617,842600000, 50709,601239, 50352,  4728
730, 05-17 22:27:11,1, 32340, 28848,100623,846200000, 50596,601042, 50296,  3975
731, 05-17 22:27:12,1, 32340, 28843,100621,842099968, 50819,601432, 50407,  5466
732, 05-17 22:27:13,1, 32340, 28832,100619,845200000, 50773,601351, 50384,  5156
733, 05-17 22:27:14,1, 32340, 28804,100621,852600000, 50154,600269, 50076,  1028
734, 05-17 22:27:15,1, 32330, 28802,100623,843600000, 50315,600551, 50156,  2105
735, 05-17 22:27:16,1, 32330, 28781,100621,846800000, 50208,600363, 50103,  1387
736, 05-17 22:27:17,1, 32330, 28769,100619,846800000, 50114,600199, 50056,   762
737, 05-17 22:27:18,1, 32330, 28753,100625,846800000, 50033,600059, 50016,   226
738, 05-17 22:27:19,1, 32330, 28748,100623,842099968, 50333,600582, 50165,  2224
739, 05-17 22:27:20,1, 32340, 28717,100621,846800000, 50230,600402, 50114,  1535
740, 05-17 22:27:21,1, 32340, 28717,100621,845200000, 50264,600463, 50131,  1766
741, 05-17 22:27:22,1, 32340, 28706,100623,848899968, 50007,600012, 50003,    49
742, 05-17 22:27:23,1, 32340, 28701,100621,842600000, 50276,600482, 50136,  1840
743, 05-17 22:27:24,1, 32340, 28695,100619,846800000, 50183,600321, 50091,  1225
744, 05-17 22:27:25,1, 32340, 28701,100623,846800000, 50102,600179, 50050,   683
745, 05-17 22:27:26,1, 32340, 28685,100617,840499968, 50529,600925, 50263,  3532
746, 05-17 22:27:27,1, 32340, 28690,100623,848300032, 50293,600511, 50145,  1953
747, 05-17 22:27:28,1, 32349, 28686,100625,852600000, 50000,600000, 49999,     0
748, 05-17 22:27:29,1, 32349, 28713,100625,847299968, 50000,600000, 49999,     0
749, 05-17 22:27:30,1, 32340, 28706,100619,854200000, 50000,600000, 49999, -1815
750, 05-17 22:27:31,1, 32340, 28722,100621,846200000, 50000,600000, 49999,     0
751, 05-17 22:27:32,1, 32340, 28733,100619,851500032, 50000,600000, 49999,  -152
752, 05-17 22:27:33,1, 32349, 28757,100623,844700032, 50161,600282, 50080,  1077
753, 05-17 22:27:34,1, 32340, 28744,100625,848899968, 50046,600081, 50023,   309
754, 05-17 22:27:35,1, 32349, 28778,100625,847299968, 50065,600114, 50032,   437
755, 05-17 22:27:36,1, 32340, 28782,100619,847299968, 50082,600144, 50040,   551
756, 05-17 22:27:37,1, 32360, 28797,100621,842099968, 50504,600880, 50250,  3360
757, 05-17 22:27:38,1, 32360, 28808,100621,855200000, 50000,600000, 49999,     0
758, 05-17 22:27:39,1, 32349, 28795,100621,841000000, 50511,600893, 50253,  3409
759, 05-17 22:27:40,1, 32349, 28789,100625,848300032, 50409,600715, 50203,  2730
760, 05-17 22:27:41,1, 32360, 28808,100623,842600000, 50765,601337, 50380,  5102
761, 05-17 22:27:42,1, 32349, 28789,100621,845699968, 50836,601462, 50416,  5579
762, 05-17 22:27:43,1, 32360, 28786,100623,849400000, 50608,601062, 50302,  4054
763, 05-17 22:27:44,1, 32360, 28764,100621,847800000, 50533,600932, 50264,  3557
764, 05-17 22:27:45,1, 32360, 28781,100621,847800000, 50465,600813, 50231,  3104
765, 05-17 22:27:46,1, 32360, 28786,100623,847299968, 50445,600777, 50220,  2967
766, 05-17 22:27:47,1, 32360, 28769,100625,843600000, 50718,601256, 50357,  4792
767, 05-17 22:27:48,1, 32360, 28775,100621,847800000, 50628,601098, 50312,  4192
768, 05-17 22:27:49,1, 32360, 28802,100619,843100032, 50916,601601, 50456,  6111
769, 05-17 22:27:50,1, 32360, 28791,100623,847800000, 50801,601400, 50398,  5343
770, 05-17 22:27:51,1, 32360, 28786,100623,843600000, 51030,601800, 50512,  6868
771, 05-17 22:27:52,1, 32360, 28781,100621,847299968, 50941,601644, 50468,  6273
772, 05-17 22:27:53,1, 32360, 28802,100619,854200000, 50320,600559, 50158,  2135
773, 05-17 22:27:54,1, 32369, 28808,100625,852000000, 50000,600000, 49999,     0
774, 05-17 22:27:55,1, 32369, 28818,100625,847800000, 50000,600000, 49999,     0
775, 05-17 22:27:56,1, 32369, 28834,100625,846800000, 50067,600118, 50033,   452
776, 05-17 22:27:57,1, 32369, 28829,100623,843100032, 50420,600735, 50208,  2804
777, 05-17 22:27:58,1, 32380, 28848,100621,846800000, 50436,600763, 50216,  2912
778, 05-17 22:27:59,1, 32380, 28853,100623,848300032, 50332,600580, 50164,  2214
779, 05-17 22:28:00,1, 32380, 28843,100623,848899968, 50191,600335, 50095,  1279
780, 05-17 22:28:01,1, 32390, 28837,100627,848899968, 50065,600114, 50032,   437
781, 05-17 22:28:02,1, 32369, 28841,100621,844099968, 50334,600584, 50165,  2228
782, 05-17 22:28:03,1, 32380, 28853,100621,847299968, 50314,600549, 50155,  2096
783, 05-17 22:28:04,1, 32369, 28829,100621,849400000, 50136,600238, 50067,   910
784, 05-17 22:28:05,1, 32380, 28816,100625,847299968, 50141,600247, 50070,   944
785, 05-17 22:28:06,1, 32380, 28804,100623,845200000, 50312,600546, 50155,  2086
786, 05-17 22:28:07,1, 32369, 28786,100621,844700032, 50504,600882, 50250,  3365
787, 05-17 22:28:08,1, 32369, 28769,100623,847299968, 50471,600824, 50234,  3144
788, 05-17 22:28:09,1, 32360, 28758,100623,850400000, 50201,600352, 50099,  1343
789, 05-17 22:28:10,1, 32360, 28748,100623,845200000, 50371,600649, 50184,  2479
790, 05-17 22:28:11,1, 32360, 28726,100623,845200000, 50524,600916, 50260,  3498
791, 05-17 22:28:12,1, 32360, 28704,100625,848899968, 50371,600648, 50184,  2474
792, 05-17 22:28:13,1, 32369, 28721,100625,843100032, 50690,601205, 50342,  4600
793, 05-17 22:28:14,1, 32360, 28710,100623,847800000, 50603,601054, 50299,  4024
794, 05-17 22:28:15,1, 32360, 28698,100621,849900032, 50364,600637, 50180,  2430
795, 05-17 22:28:16,1, 32360, 28677,100621,848899968, 50233,600408, 50115,  1559
796, 05-17 22:28:17,1, 32369, 28698,100623,846200000, 50329,600575, 50163,  2194
797, 05-17 22:28:18,1, 32360, 28687,100623,847299968, 50329,600575, 50163,  2194
798, 05-17 22:28:19,1, 32369, 28715,100627,844099968, 50577,601009, 50287,  3852
799, 05-17 22:28:20,1, 32369, 28693,100625,846200000, 50633,601107, 50314,  4226
800, 05-17 22:28:21,1, 32369, 28704,100623,845699968, 50722,601262, 50359,  4817
801, 05-17 22:28:22,1, 32369, 28715,100623,855200000, 50056,600098, 50027,   373
802, 05-17 22:28:23,1, 32380, 28744,100623,844099968, 50333,600582, 50165,  2224
803, 05-17 22:28:24,1, 32369, 28753,100623,843600000, 50619,601082, 50307,  4128
804, 05-17 22:28:25,1, 32380, 28766,100623,843600000, 50867,601515, 50431,  5781
805, 05-17 22:28:26,1, 32380, 28777,100625,848300032, 50715,601251, 50355,  4772
806, 05-17 22:28:27,1, 32390, 28761,100625,848300032, 50581,601016, 50288,  3877
807, 05-17 22:28:28,1, 32390, 28771,100627,848899968, 50414,600724, 50205,  2765
808, 05-17 22:28:29,1, 32390, 28755,100623,843600000, 50685,601198, 50340,  4571
809, 05-17 22:28:30,1, 32390, 28777,100625,847299968, 50630,601101, 50313,  4202
810, 05-17 22:28:31,1, 32400, 28786,100625,846800000, 50617,601079, 50306,  4118
811, 05-17 22:28:32,1, 32390, 28798,100625,855800000, 50000,600000, 49999,     0
812, 05-17 22:28:33,1, 32400, 28797,100625,848300032, 50000,600000, 49999,     0
813, 05-17 22:28:34,1, 32400, 28808,100623,848899968, 50000,600000, 49999,     0
814, 05-17 22:28:35,1, 32400, 28813,100621,846800000, 50067,600118, 50033,   452
815, 05-17 22:28:36,1, 32400, 28808,100621,853100032, 50000,600000, 49999,   -68
816, 05-17 22:28:37,1, 32400, 28797,100623,848899968, 50000,600000, 49999,     0
817, 05-17 22:28:38,1, 32400, 28797,100625,848899968, 50000,600000, 49999,     0
818, 05-17 22:28:39,1, 32410, 28791,100625,848300032, 50003,600006, 50001,    24
819, 05-17 22:28:40,1, 32410, 28813,100623,846800000, 50129,600227, 50064,   865
820, 05-17 22:28:41,1, 32410, 28786,100623,848899968, 50076,600132, 50037,   506
821, 05-17 22:28:42,1, 32419, 28791,100621,850400000, 50000,600000, 49999,     0
822, 05-17 22:28:43,1, 32419, 28753,100623,857900032, 50000,600000, 49999, -2676
823, 05-17 22:28:44,1, 32410, 28748,100627,849400000, 50000,600000, 49999,  -619
824, 05-17 22:28:45,1, 32410, 28731,100625,849900032, 50000,600000, 49999,     0
825, 05-17 22:28:46,1, 32410, 28698,100623,849400000, 50000,600000, 49999,     0
826, 05-17 22:28:47,1, 32410, 28687,100625,856899968, 50000,600000, 49999, -1471
827, 05-17 22:28:48,1, 32410, 28682,100621,845200000, 50143,600250, 50070,   954
828, 05-17 22:28:49,1, 32410, 28687,100623,849400000, 50183,600319, 50090,  1220
829, 05-17 22:28:50,1, 32410, 28693,100623,843600000, 50673,601177, 50334,  4492
830, 05-17 22:28:51,1, 32410, 28698,100625,841500032, 51271,602222, 50633,  8477
831, 05-17 22:28:52,1, 32410, 28715,100625,854200000, 50800,601399, 50398,  5338
832, 05-17 22:28:53,1, 32410, 28742,100623,847299968, 50922,601612, 50458,  6150
833, 05-17 22:28:54,1, 32410, 28775,100623,850400000, 50783,601369, 50389,  5225
834, 05-17 22:28:55,1, 32410, 28802,100619,848899968, 50775,601355, 50385,  5171
835, 05-17 22:28:56,1, 32419, 28797,100623,844700032, 51097,601917, 50546,  7316
836, 05-17 22:28:57,1, 32419, 28824,100627,843100032, 51503,602626, 50750, 10022
837, 05-17 22:28:58,1, 32419, 28846,100627,847800000, 51488,602601, 50742,  9924
838, 05-17 22:28:59,1, 32419, 28884,100621,854200000, 50969,601694, 50482,  6465
839, 05-17 22:29:00,1, 32430, 28869,100625,849400000, 50884,601546, 50440,  5899
840, 05-17 22:29:01,1, 32430, 28892,100621,847800000, 50932,601628, 50463,  6214
841, 05-17 22:29:02,1, 32430, 28903,100627,842099968, 51420,602481, 50708,  9466
842, 05-17 22:29:03,1, 32430, 28935,100625,852000000, 51067,601866, 50531,  7119
843, 05-17 22:29:04,1, 32430, 28952,100625,856300032, 50417,600729, 50207,  2784
844, 05-17 22:29:05,1, 32419, 28972,100625,850400000, 50302,600528, 50150,  2017
845, 05-17 22:29:06,1, 32419, 28966,100627,849900032, 50237,600415, 50117,  1584
846, 05-17 22:29:07,1, 32419, 28960,100627,848899968, 50257,600450, 50127,  1717
847, 05-17 22:29:08,1, 32410, 28955,100621,849400000, 50234,600410, 50116,  1564
848, 05-17 22:29:09,1, 32410, 28960,100623,850400000, 50134,600234, 50066,   895
849, 05-17 22:29:10,1, 32410, 28955,100625,852600000, 50000,600000, 49999,     0
850, 05-17 22:29:11,1, 32410, 28966,100625,844099968, 50412,600720, 50204,  2750
851, 05-17 22:29:12,1, 32400, 28960,100623,848899968, 50417,600729, 50207,  2784
852, 05-17 22:29:13,1, 32410, 28944,100625,847800000, 50506,600884, 50251,  3375
853, 05-17 22:29:14,1, 32400, 28939,100625,846200000, 50711,601243, 50353,  4743
854, 05-17 22:29:15,1, 32400, 28906,100625,855200000, 50188,600328, 50093,  1254
855, 05-17 22:29:16,1, 32400, 28884,100621,854200000, 50000,600000, 49999,     0
856, 05-17 22:29:17,1, 32400, 28857,100625,842600000, 50543,600950, 50270,  3626
857, 05-17 22:29:18,1, 32400, 28857,100625,848899968, 50553,600967, 50274,  3690
858, 05-17 22:29:19,1, 32400, 28824,100629,846800000, 50729,601275, 50362,  4866
859, 05-17 22:29:20,1, 32400, 28813,100625,847800000, 50807,601410, 50401,  5382
860, 05-17 22:29:21,1, 32390, 28798,100623,844700032, 51121,601960, 50558,  7479
861, 05-17 22:29:22,1, 32400, 28781,100625,848899968, 51069,601868, 50532,  7129
862, 05-17 22:29:23,1, 32390, 28755,100625,848899968, 51027,601795, 50511,  6849
863, 05-17 22:29:24,1, 32390, 28750,100623,855200000, 50498,600870, 50247,  3321
864, 05-17 22:29:25,1, 32390, 28738,100625,853600000, 50157,600276, 50078,  1052
865, 05-17 22:29:26,1, 32390, 28722,100625,853600000, 50000,600000, 49999,     0
866, 05-17 22:29:27,1, 32390, 28701,100627,849900032, 50006,600011, 50003,    44
867, 05-17 22:29:28,1, 32390, 28717,100625,848300032, 50157,600274, 50077,  1048
868, 05-17 22:29:29,1, 32390, 28717,100625,849900032, 50164,600287, 50081,  1097
869, 05-17 22:29:30,1, 32390, 28711,100625,854200000, 50000,600000, 49999,     0
870, 05-17 22:29:31,1, 32390, 28701,100625,851500032, 50000,600000, 49999,     0
871, 05-17 22:29:32,1, 32400, 28704,100623,851000000, 50000,600000, 49999,     0
872, 05-17 22:29:33,1, 32400, 28726,100625,850400000, 50012,600021, 50006,    83
873, 05-17 22:29:34,1, 32390, 28738,100621,848899968, 50147,600257, 50073,   984
874, 05-17 22:29:35,1, 32400, 28758,100623,848899968, 50265,600464, 50131,  1771
875, 05-17 22:29:36,1, 32400, 28758,100625,851000000, 50203,600355, 50100,  1358
876, 05-17 22:29:37,1, 32400, 28758,100629,849900032, 50236,600412, 50117,  1574
877, 05-17 22:29:38,1, 32400, 28781,100625,846200000, 50553,600967, 50274,  3690
878, 05-17 22:29:39,1, 32400, 28781,100625,847800000, 50707,601235, 50351,  4713
879, 05-17 22:29:40,1, 32400, 28775,100623,846200000, 50969,601693, 50482,  6460
880, 05-17 22:29:41,1, 32400, 28791,100625,848300032, 51034,601806, 50514,  6893
881, 05-17 22:29:42,1, 32410, 28791,100625,851000000, 50878,601534, 50436,  5855
882, 05-17 22:29:43,1, 32400, 28813,100629,845200000, 51194,602086, 50594,  7961
883, 05-17 22:29:44,1, 32410, 28834,100627,848300032, 51225,602142, 50610,  8172
884, 05-17 22:29:45,1, 32410, 28846,100625,844099968, 51582,602764, 50789, 10549
885, 05-17 22:29:46,1, 32410, 28868,100627,844700032, 51847,603227, 50923, 12315
886, 05-17 22:29:47,1, 32410, 28889,100625,844700032, 52078,603631, 51039, 13855
887, 05-17 22:29:48,1, 32400, 28895,100623,849400000, 51911,603340, 50955, 12743
888, 05-17 22:29:49,1, 32410, 28900,100623,849900032, 51723,603011, 50860, 11489
889, 05-17 22:29:50,1, 32410, 28884,100627,850400000, 51517,602651, 50757, 10116
890, 05-17 22:29:51,1, 32410, 28884,100629,850400000, 51335,602332, 50665,  8901
891, 05-17 22:29:52,1, 32400, 28895,100629,852600000, 51001,601750, 50498,  6676
892, 05-17 22:29:53,1, 32390, 28897,100625,852000000, 50755,601319, 50375,  5033
893, 05-17 22:29:54,1, 32390, 28924,100625,852000000, 50533,600932, 50264,  3557
894, 05-17 22:29:55,1, 32390, 28929,100625,852000000, 50337,600589, 50167,  2248
895, 05-17 22:29:56,1, 32380, 28952,100625,854700032, 50000,600000, 49999,     0
896, 05-17 22:29:57,1, 32380, 28963,100623,851000000, 50000,600000, 49999,     0
897, 05-17 22:29:58,1, 32380, 28974,100627,851500032, 50000,600000, 49999,     0
898, 05-17 22:29:59,1, 32380, 28989,100627,851000000, 50000,600000, 49999,     0
899, 05-17 22:30:00,1, 32380, 29006,100629,852000000, 50000,600000, 49999,     0
900, 05-17 22:30:01,1, 32390, 29028,100627,851500032, 50000,600000, 49999,     0
901, 05-17 22:30:02,1, 32390, 29023,100627,848899968, 50126,600220, 50062,   841
902, 05-17 22:30:03,1, 32380, 29050,100625,853100032, 50000,600000, 49999,     0
903, 05-17 22:30:04,1, 32380, 29044,100627,851000000, 50000,600000, 49999,     0
904, 05-17 22:30:05,1, 32380, 29055,100623,853600000, 50000,600000, 49999,     0
905, 05-17 22:30:06,1, 32380, 29083,100625,854200000, 50000,600000, 49999,     0
906, 05-17 22:30:07,1, 32380, 29105,100627,853600000, 50000,600000, 49999,     0
907, 05-17 22:30:08,1, 32369, 29086,100625,854700032, 50000,600000, 49999,     0
908, 05-17 22:30:09,1, 32369, 29086,100627,852000000, 50000,600000, 49999,     0
909, 05-17 22:30:10,1, 32369, 29092,100625,853600000, 50000,600000, 49999,     0
910, 05-17 22:30:11,1, 32360, 29103,100625,848899968, 50230,600402, 50114,  1535
911, 05-17 22:30:12,1, 32360, 29092,100627,849900032, 50373,600652, 50185,  2489
912, 05-17 22:30:13,1, 32360, 29081,100623,852000000, 50334,600584, 50165,  2228
913, 05-17 22:30:14,1, 32349, 29079,100625,851500032, 50339,600593, 50168,  2263
914, 05-17 22:30:15,1, 32349, 29069,100625,847299968, 50673,601176, 50334,  4487
915, 05-17 22:30:16,1, 32349, 29051,100625,851000000, 50677,601183, 50336,  4516
916, 05-17 22:30:18,1, 32340, 29050,100625,852600000, 50556,600972, 50276,  3709
917, 05-17 22:30:19,1, 32340, 29044,100629,848300032, 50786,601374, 50391,  5245
918, 05-17 22:30:20,1, 32340, 29023,100627,854700032, 50490,600856, 50243,  3267
919, 05-17 22:30:21,1, 32340, 29000,100625,854200000, 50269,600470, 50133,  1795
920, 05-17 22:30:22,1, 32330, 28988,100623,842600000, 50986,601724, 50491,  6578
921, 05-17 22:30:23,1, 32340, 28979,100627,853100032, 50794,601387, 50394,  5294
922, 05-17 22:30:24,1, 32330, 28988,100627,854700032, 50500,600874, 50248,  3336
923, 05-17 22:30:25,1, 32320, 28960,100627,854200000, 50284,600496, 50140,  1894
924, 05-17 22:30:26,1, 32320, 28949,100627,851500032, 50304,600532, 50151,  2032
925, 05-17 22:30:27,1, 32330, 28955,100625,852600000, 50236,600412, 50117,  1574
926, 05-17 22:30:28,1, 32330, 28949,100629,852000000, 50222,600389, 50110,  1485
927, 05-17 22:30:29,1, 32320, 28949,100629,851500032, 50253,600442, 50125,  1687
928, 05-17 22:30:30,1, 32330, 28933,100629,846800000, 50648,601132, 50321,  4320
929, 05-17 22:30:31,1, 32330, 28928,100625,852600000, 50542,600947, 50269,  3616
930, 05-17 22:30:32,1, 32330, 28912,100625,854200000, 50326,600570, 50161,  2174
931, 05-17 22:30:33,1, 32340, 28897,100621,861200000, 50000,600000, 49999,  -432
932, 05-17 22:30:34,1, 32330, 28912,100625,853600000, 50000,600000, 49999,     0
933, 05-17 22:30:35,1, 32330, 28928,100627,853100032, 50000,600000, 49999,     0
934, 05-17 22:30:36,1, 32340, 28913,100627,852600000, 50022,600040, 50011,   152
935, 05-17 22:30:37,1, 32330, 28923,100625,854700032, 50000,600000, 49999,     0
936, 05-17 22:30:38,1, 32330, 28912,100623,855200000, 50000,600000, 49999,     0
937, 05-17 22:30:39,1, 32330, 28912,100623,843100032, 50781,601365, 50388,  5210
938, 05-17 22:30:40,1, 32330, 28912,100623,853600000, 50672,601174, 50334,  4482
939, 05-17 22:30:41,1, 32320, 28911,100621,852000000, 50703,601229, 50349,  4689
940, 05-17 22:30:42,1, 32320, 28905,100623,855200000, 50481,600842, 50239,  3213
941, 05-17 22:30:43,1, 32320, 28933,100627,855200000, 50284,600497, 50141,  1899
942, 05-17 22:30:44,1, 32330, 28960,100625,848899968, 50600,601048, 50298,  4000
943, 05-17 22:30:45,1, 32330, 28966,100625,851000000, 50712,601245, 50354,  4753
944, 05-17 22:30:46,1, 32330, 29026,100625,853600000, 50603,601054, 50299,  4024
945, 05-17 22:30:47,1, 32340, 29044,100623,855200000, 50378,600661, 50187,  2524
946, 05-17 22:30:48,1, 32340, 29083,100625,853100032, 50340,600595, 50169,  2273
947, 05-17 22:30:49,1, 32340, 29094,100621,847800000, 50718,601256, 50357,  4792
948, 05-17 22:30:50,1, 32349, 29134,100623,855200000, 50467,600817, 50232,  3119
949, 05-17 22:30:51,1, 32349, 29166,100625,850400000, 50617,601078, 50306,  4113
950, 05-17 22:30:52,1, 32349, 29166,100625,855200000, 50371,600649, 50184,  2479
951, 05-17 22:30:53,1, 32349, 29166,100627,856300032, 50067,600118, 50033,   452
952, 05-17 22:30:54,1, 32349, 29177,100623,861699968, 50000,600000, 49999, -1864
953, 05-17 22:30:55,1, 32349, 29172,100625,848300032, 50098,600172, 50048,   659
954, 05-17 22:30:56,1, 32349, 29150,100623,848300032, 50481,600842, 50239,  3213
955, 05-17 22:30:57,1, 32349, 29150,100621,851000000, 50605,601058, 50300,  4039
956, 05-17 22:30:58,1, 32349, 29145,100623,855200000, 50385,600673, 50191,  2568
957, 05-17 22:30:59,1, 32349, 29156,100625,855800000, 50142,600248, 50070,   949
958, 05-17 22:31:00,1, 32349, 29166,100629,850400000, 50346,600606, 50172,  2312
959, 05-17 22:31:01,1, 32349, 29166,100627,846800000, 50807,601410, 50401,  5382
960, 05-17 22:31:02,1, 32360, 29163,100625,853600000, 50679,601186, 50337,  4526
961, 05-17 22:31:03,1, 32369, 29180,100629,846800000, 51092,601908, 50543,  7282
962, 05-17 22:31:04,1, 32369, 29169,100627,846800000, 51456,602545, 50726,  9712
963, 05-17 22:31:05,1, 32380, 29181,100627,852600000, 51319,602305, 50657,  8797
964, 05-17 22:31:06,1, 32380, 29187,100625,859000000, 50695,601216, 50345,  4639
965, 05-17 22:31:07,1, 32390, 29170,100627,853600000, 50564,600986, 50280,  3764
966, 05-17 22:31:08,1, 32390, 29187,100627,850400000, 50695,601214, 50345,  4635
967, 05-17 22:31:09,1, 32390, 29192,100625,852600000, 50635,601110, 50315,  4236
968, 05-17 22:31:10,1, 32400, 29212,100625,851500032, 50662,601158, 50329,  4418
969, 05-17 22:31:11,1, 32400, 29212,100625,851500032, 50684,601195, 50339,  4561
970, 05-17 22:31:12,1, 32410, 29228,100625,851000000, 50736,601287, 50366,  4910
971, 05-17 22:31:13,1, 32410, 29251,100627,852600000, 50653,601141, 50324,  4354
972, 05-17 22:31:14,1, 32410, 29283,100625,850400000, 50745,601302, 50370,  4969
973, 05-17 22:31:15,1, 32419, 29311,100625,849900032, 50859,601501, 50427,  5727
974, 05-17 22:31:16,1, 32419, 29327,100625,851500032, 50828,601446, 50411,  5520
975, 05-17 22:31:17,1, 32430, 29357,100627,851000000, 50833,601456, 50414,  5555
976, 05-17 22:31:18,1, 32430, 29400,100625,851500032, 50789,601379, 50392,  5264
977, 05-17 22:31:19,1, 32439, 29439,100625,845699968, 51197,602093, 50596,  7985
978, 05-17 22:31:20,1, 32430, 29483,100623,849900032, 51220,602133, 50608,  8138
979, 05-17 22:31:21,1, 32450, 29520,100627,847800000, 51394,602437, 50695,  9299
980, 05-17 22:31:22,1, 32450, 29557,100629,845200000, 51743,603046, 50870, 11622
981, 05-17 22:31:23,1, 32450, 29612,100627,848899968, 51749,603056, 50873, 11661
982, 05-17 22:31:24,1, 32460, 29662,100627,843100032, 52199,603843, 51101, 14662
983, 05-17 22:31:25,1, 32450, 29707,100627,842099968, 52665,604658, 51337, 17772
984, 05-17 22:31:26,1, 32460, 29750,100623,847800000, 52616,604571, 51312, 17442
985, 05-17 22:31:27,1, 32470, 29802,100629,842600000, 52968,605186, 51491, 19789
986, 05-17 22:31:28,1, 32470, 29851,100631,847800000, 52857,604993, 51435, 19051
987, 05-17 22:31:29,1, 32480, 29911,100631,842099968, 53194,605581, 51607, 21295
988, 05-17 22:31:30,1, 32480, 29950,100627,851000000, 52778,604855, 51395, 18525
989, 05-17 22:31:31,1, 32490, 30023,100631,845699968, 52810,604910, 51411, 18736
990, 05-17 22:31:32,1, 32500, 30069,100629,843600000, 52990,605225, 51503, 19937
991, 05-17 22:31:33,1, 32500, 30141,100629,851500032, 52511,604388, 51259, 16744
992, 05-17 22:31:34,1, 32490, 30222,100629,841000000, 52899,605065, 51456, 19327
993, 05-17 22:31:35,1, 32500, 30285,100627,840000000, 53303,605772, 51663, 22023
994, 05-17 22:31:36,1, 32500, 30373,100625,841000000, 53561,606222, 51795, 23740
995, 05-17 22:31:37,1, 32509, 30434,100629,843600000, 53564,606227, 51796, 23760
996, 05-17 22:31:38,1, 32509, 30479,100629,838400000, 53961,606922, 52001, 26412
997, 05-17 22:31:39,1, 32509, 30527,100627,848300032, 53513,606139, 51770, 23426
998, 05-17 22:31:40,1, 32509, 30556,100627,849900032, 52978,605203, 51496, 19853
999, 05-17 22:31:41,1, 32520, 30577,100631,839500032, 53308,605781, 51665, 22058
1000, 05-17 22:31:42,1, 32520, 30604,100629,831299968, 54240,607408, 52144, 28267
1001, 05-17 22:31:43,1, 32520, 30604,100627,838400000, 54481,607830, 52269, 29876
1002, 05-17 22:31:44,1, 32520, 30644,100627,837900032, 54717,608243, 52391, 31451
1003, 05-17 22:31:45,1, 32520, 30638,100627,837400000, 54953,608656, 52514, 33025
1004, 05-17 22:31:46,1, 32520, 30644,100631,846800000, 54404,607695, 52229, 29360
1005, 05-17 22:31:47,1, 32529, 30644,100631,837900032, 54609,608053, 52335, 30727
1006, 05-17 22:31:48,1, 32529, 30627,100629,831800000, 55267,609204, 52677, 35116
1007, 05-17 22:31:49,1, 32520, 30616,100629,836899968, 55429,609487, 52762, 36199
1008, 05-17 22:31:50,1, 32520, 30566,100627,842600000, 55112,608933, 52597, 34083
1009, 05-17 22:31:51,1, 32509, 30423,100627,836400000, 55328,609311, 52709, 35525
1010, 05-17 22:31:52,1, 32509, 30207,100627,835400000, 55608,609799, 52856, 37390
1011, 05-17 22:31:53,1, 32520, 29982,100627,843600000, 55212,609108, 52649, 34752
1012, 05-17 22:31:54,1, 32520, 29767,100625,842099968, 54997,608732, 52537, 33316
1013, 05-17 22:31:55,1, 32520, 29547,100629,834800000, 55401,609438, 52748, 36012
1014, 05-17 22:31:56,1, 32520, 29355,100629,835400000, 55727,610007, 52918, 38182
1015, 05-17 22:31:57,1, 32520, 29180,100629,831299968, 56356,611107, 53249, 42379
1016, 05-17 22:31:58,1, 32529, 29033,100629,836899968, 56477,611317, 53312, 43181
1017, 05-17 22:31:59,1, 32529, 28934,100629,838400000, 56475,611315, 53312, 43171
1018, 05-17 22:32:00,1, 32520, 28885,100633,830300032, 57131,612460, 53659, 47541
1019, 05-17 22:32:01,1, 32529, 28852,100629,831299968, 57634,613339, 53927, 50896
1020, 05-17 22:32:02,1, 32529, 28847,100629,831299968, 58083,614124, 54167, 53888
1021, 05-17 22:32:03,1, 32529, 28842,100629,837400000, 57995,613970, 54120, 53302
1022, 05-17 22:32:04,1, 32540, 28832,100629,824300032, 58974,615680, 54647, 59827
1023, 05-17 22:32:05,1, 32540, 28822,100631,836899968, 58830,615429, 54570, 58867
1024, 05-17 22:32:06,1, 32529, 28819,100631,835900032, 58788,615356, 54547, 58592
1025, 05-17 22:32:07,1, 32540, 28804,100631,834300032, 58884,615523, 54599, 59227
1026, 05-17 22:32:08,1, 32529, 28787,100631,829299968, 59375,616382, 54865, 62504
1027, 05-17 22:32:09,1, 32529, 28764,100631,826800000, 60017,617504, 55215, 66784
1028, 05-17 22:32:10,1, 32529, 28771,100631,829800000, 60346,618079, 55396, 68979
1029, 05-17 22:32:11,1, 32529, 28737,100631,824300032, 61087,619374, 55804, 73919
1030, 05-17 22:32:12,1, 32529, 28732,100631,825299968, 61665,620382, 56124, 77767
1031, 05-17 22:32:13,1, 32520, 28705,100629,826300032, 62102,621147, 56367, 80684
1032, 05-17 22:32:14,1, 32520, 28677,100631,825299968, 62576,621975, 56633, 83843
1033, 05-17 22:32:15,1, 32520, 28661,100631,828300032, 62758,622292, 56735, 85054
1034, 05-17 22:32:16,1, 32520, 28645,100631,824800000, 63208,623079, 56988, 88055
1035, 05-17 22:32:17,1, 32509, 28640,100629,830800000, 63128,622939, 56943, 87524
1036, 05-17 22:32:18,1, 32509, 28656,100631,821800000, 63789,624094, 57317, 91928
1037, 05-17 22:32:19,1, 32509, 28666,100631,825299968, 64092,624624, 57489, 93950
1038, 05-17 22:32:20,1, 32500, 28661,100633,825299968, 64367,625103, 57646, 95780
1039, 05-17 22:32:21,1, 32500, 28677,100633,828300032, 64370,625110, 57648, 95805
1040, 05-17 22:32:22,1, 32500, 28683,100629,823299968, 64782,625829, 57884, 98550
1041, 05-17 22:32:23,1, 32490, 28692,100629,820300032, 65395,626900, 58236,102634
1042, 05-17 22:32:24,1, 32490, 28692,100631,826300032, 65452,627001, 58269,103018
1043, 05-17 22:32:25,1, 32490, 28725,100631,817800000, 66196,628300, 58700,107978
1044, 05-17 22:32:26,1, 32480, 28711,100629,820300032, 66655,629101, 58967,111034
1045, 05-17 22:32:27,1, 32480, 28744,100633,818300032, 67224,630096, 59301,114827
1046, 05-17 22:32:28,1, 32480, 28750,100631,819299968, 67648,630837, 59550,117656
1047, 05-17 22:32:29,1, 32470, 28744,100631,826300032, 67461,630511, 59440,116412
1048, 05-17 22:32:30,1, 32480, 28755,100631,819299968, 67865,631216, 59678,119103
1049, 05-17 22:32:31,1, 32470, 28788,100633,818300032, 68306,631986, 59940,122040
1050, 05-17 22:32:32,1, 32470, 28782,100631,816899968, 68813,632872, 60241,125421
1051, 05-17 22:32:33,1, 32460, 28781,100629,815900032, 69347,633806, 60561,128983
1052, 05-17 22:32:34,1, 32450, 28797,100627,818800000, 69585,634222, 60704,130572
1053, 05-17 22:32:35,1, 32450, 28802,100629,815400000, 70076,635080, 61000,133845
1054, 05-17 22:32:36,1, 32450, 28813,100629,818300032, 70276,635428, 61121,135173
1055, 05-17 22:32:37,1, 32450, 28818,100631,820800000, 70250,635384, 61105,135006
1056, 05-17 22:32:38,1, 32439, 28826,100627,817400000, 70510,635837, 61262,136733
1057, 05-17 22:32:39,1, 32430, 28816,100629,816400000, 70825,636389, 61454,138839
1058, 05-17 22:32:40,1, 32430, 28793,100627,814400000, 71273,637170, 61727,141821
1059, 05-17 22:32:41,1, 32419, 28818,100625,816899968, 71467,637510, 61846,143115
1060, 05-17 22:32:42,1, 32419, 28808,100629,822300032, 71203,637048, 61684,141353
1061, 05-17 22:32:43,1, 32419, 28802,100629,813500032, 71692,637903, 61984,144615
1062, 05-17 22:32:44,1, 32410, 28797,100629,819800000, 71614,637766, 61936,144094
1063, 05-17 22:32:45,1, 32410, 28808,100631,813000000, 72103,638621, 62237,147356
1064, 05-17 22:32:46,1, 32400, 28818,100627,807699968, 72975,640146, 62777,153172
1065, 05-17 22:32:47,1, 32400, 28824,100629,818800000, 72838,639906, 62692,152257
1066, 05-17 22:32:48,1, 32400, 28818,100629,813900032, 73122,640401, 62868,154146
1067, 05-17 22:32:49,1, 32390, 28832,100629,814899968, 73292,640699, 62974,155283
1068, 05-17 22:32:50,1, 32380, 28832,100631,814400000, 73490,641045, 63098,156601
1069, 05-17 22:32:51,1, 32380, 28853,100629,814400000, 73665,641350, 63207,157768
1070, 05-17 22:32:52,1, 32380, 28864,100629,812000000, 74020,641970, 63430,160134
1071, 05-17 22:32:53,1, 32360, 28863,100631,815400000, 74060,642040, 63455,160400
1072, 05-17 22:32:54,1, 32360, 28873,100629,810600000, 74491,642795, 63727,163278
1073, 05-17 22:32:55,1, 32360, 28906,100629,813000000, 74676,643117, 63843,164509
1074, 05-17 22:32:56,1, 32349, 28904,100627,808200000, 75237,644097, 64199,168248
1075, 05-17 22:32:57,1, 32349, 28927,100627,806700032, 75858,645182, 64595,172386
1076, 05-17 22:32:58,1, 32349, 28915,100633,812499968, 75932,645312, 64643,172883
1077, 05-17 22:32:59,1, 32340, 28946,100631,817400000, 75597,644726, 64429,170649
1078, 05-17 22:33:00,1, 32340, 28952,100629,810600000, 75861,645188, 64597,172411
1079, 05-17 22:33:01,1, 32340, 28957,100631,811500032, 76023,645471, 64701,173488
1080, 05-17 22:33:02,1, 32330, 28960,100631,816400000, 75767,645024, 64537,171786
1081, 05-17 22:33:03,1, 32320, 28977,100629,803900032, 76574,646434, 65055,177164
1082, 05-17 22:33:04,1, 32310, 28980,100629,807200000, 77016,647205, 65340,180106
1083, 05-17 22:33:05,1, 32320, 28993,100629,810099968, 77166,647468, 65438,181110
1084, 05-17 22:33:06,1, 32310, 28964,100631,814400000, 76952,647094, 65299,179683
1085, 05-17 22:33:07,1, 32310, 28969,100631,806200000, 77441,647948, 65616,182940
1086, 05-17 22:33:08,1, 32300, 28947,100629,809100032, 77639,648295, 65745,184264
1087, 05-17 22:33:09,1, 32300, 28947,100631,810099968, 77734,648460, 65807,184894
1088, 05-17 22:33:10,1, 32300, 28947,100629,805800000, 78175,649231, 66095,187836
1089, 05-17 22:33:11,1, 32290, 28940,100631,810600000, 78174,649229, 66094,187826
1090, 05-17 22:33:12,1, 32279, 28911,100627,807699968, 78418,649655, 66254,189455
1091, 05-17 22:33:13,1, 32270, 28889,100627,809600000, 78485,649773, 66298,189903
1092, 05-17 22:33:14,1, 32259, 28876,100629,808600000, 78631,650028, 66394,190877
1093, 05-17 22:33:15,1, 32270, 28883,100631,804300032, 79118,650879, 66715,194125
1094, 05-17 22:33:16,1, 32259, 28849,100627,804800000, 79514,651570, 66977,196762
1095, 05-17 22:33:17,1, 32250, 28871,100629,808600000, 79554,651640, 67004,197028
1096, 05-17 22:33:18,1, 32250, 28843,100629,805299968, 79867,652187, 67212,199114
1097, 05-17 22:33:19,1, 32240, 28856,100625,804800000, 80189,652751, 67427,201264
1098, 05-17 22:33:20,1, 32240, 28862,100627,805299968, 80435,653180, 67591,202903
1099, 05-17 22:33:21,1, 32230, 28883,100629,799200000, 81163,654451, 68080,207754
1100, 05-17 22:33:22,1, 32230, 28905,100629,803400000, 81458,654967, 68279,209722
1101, 05-17 22:33:23,1, 32220, 28882,100625,801000000, 81924,655781, 68595,212832
1102, 05-17 22:33:24,1, 32220, 28898,100627,803400000, 82137,656154, 68740,214259
1103, 05-17 22:33:25,1, 32210, 28925,100627,805800000, 82130,656141, 68735,214215
1104, 05-17 22:33:26,1, 32210, 28947,100627,802000000, 82440,656683, 68947,216286
1105, 05-17 22:33:27,1, 32200, 28942,100627,802499968, 82676,657097, 69109,217870
1106, 05-17 22:33:28,1, 32200, 28953,100627,802499968, 82888,657465, 69253,219283
1107, 05-17 22:33:29,1, 32200, 28953,100629,797299968, 83510,658554, 69682,223440
1108, 05-17 22:33:30,1, 32189, 28965,100627,798200000, 83988,659388, 70012,226629
1109, 05-17 22:33:31,1, 32189, 28965,100629,803900032, 83939,659303, 69978,226309
1110, 05-17 22:33:32,1, 32180, 28976,100625,805299968, 83783,659030, 69870,225271
1111, 05-17 22:33:33,1, 32180, 28976,100629,805299968, 83648,658795, 69777,224380
1112, 05-17 22:33:34,1, 32180, 28988,100629,803900032, 83648,658794, 69777,224380
1113, 05-17 22:33:35,1, 32169, 28985,100629,800099968, 83968,659353, 69998,226521
1114, 05-17 22:33:36,1, 32169, 29002,100629,804300032, 83902,659239, 69953,226088
1115, 05-17 22:33:37,1, 32160, 29023,100627,803900032, 83881,659201, 69938,225950
1116, 05-17 22:33:38,1, 32160, 29034,100629,796400000, 84488,660261, 70360,229999
1117, 05-17 22:33:39,1, 32150, 29043,100631,796400000, 85026,661203, 70736,233596
1118, 05-17 22:33:40,1, 32140, 29041,100629,796800000, 85472,661982, 71049,236573
1119, 05-17 22:33:41,1, 32140, 29041,100627,795900032, 85944,662806, 71382,239722
1120, 05-17 22:33:42,1, 32119, 29061,100629,805299968, 85581,662173, 71126,237311
1121, 05-17 22:33:43,1, 32130, 29050,100629,792700032, 86314,663452, 71644,242197
1122, 05-17 22:33:44,1, 32130, 29050,100629,801000000, 86269,663374, 71612,241907
1123, 05-17 22:33:45,1, 32119, 29078,100627,792700032, 86926,664522, 72080,246291
1124, 05-17 22:33:46,1, 32110, 29070,100627,800600000, 86849,664387, 72024,245779
1125, 05-17 22:33:47,1, 32110, 29081,100629,797299968, 87058,664752, 72174,247176
1126, 05-17 22:33:48,1, 32110, 29086,100629,794499968, 87478,665487, 72475,249986
1127, 05-17 22:33:49,1, 32099, 29081,100625,796800000, 87661,665807, 72607,251211
1128, 05-17 22:33:50,1, 32099, 29070,100625,795000000, 87977,666359, 72834,253322
1129, 05-17 22:33:51,1, 32090, 29079,100625,792200000, 88494,668154, 73208,256771
1130, 05-17 22:33:52,1, 32090, 29095,100627,802499968, 88092,666558, 72917,254095
1131, 05-17 22:33:53,1, 32090, 29101,100627,791800000, 88631,668754, 73307,257696
1132, 05-17 22:33:54,1, 32080, 29099,100625,802000000, 88260,667132, 73038,255226
1133, 05-17 22:33:55,1, 32080, 29105,100627,792200000, 88752,669282, 73395,258513
1134, 05-17 22:33:56,1, 32080, 29066,100627,801000000, 88458,667996, 73181,256555
1135, 05-17 22:33:57,1, 32080, 29099,100627,792700032, 88890,669885, 73496,259443
1136, 05-17 22:33:58,1, 32060, 29104,100625,798200000, 88817,669566, 73442,258961
1137, 05-17 22:33:59,1, 32060, 29075,100625,792200000, 89260,671501, 73765,261918
1138, 05-17 22:34:00,1, 32070, 29094,100631,789000000, 89919,674380, 74248,266317
1139, 05-17 22:34:01,1, 32060, 29081,100627,794099968, 90078,675073, 74365,267380
1140, 05-17 22:34:02,1, 32050, 29092,100627,796800000, 89994,674705, 74303,266824
1141, 05-17 22:34:03,1, 32050, 29109,100629,795000000, 90072,675047, 74361,267350
1142, 05-17 22:34:04,1, 32050, 29120,100629,791800000, 90411,676527, 74611,269614
1143, 05-17 22:34:05,1, 32040, 29160,100627,798200000, 90176,675502, 74438,268054
1144, 05-17 22:34:06,1, 32029, 29170,100627,796800000, 90087,675112, 74372,267463
1145, 05-17 22:34:07,1, 32029, 29225,100629,788099968, 90735,677946, 74851,271793
1146, 05-17 22:34:08,1, 32020, 29267,100625,789900032, 91157,679787, 75164,274608
1147, 05-17 22:34:09,1, 32029, 29291,100629,794499968, 91140,679712, 75152,274499
1148, 05-17 22:34:10,1, 32020, 29322,100627,788600000, 91619,681805, 75509,277698
1149, 05-17 22:34:11,1, 32020, 29349,100625,798700032, 91195,679954, 75193,274878
1150, 05-17 22:34:12,1, 32020, 29398,100629,794499968, 91169,679838, 75173,274706
1151, 05-17 22:34:13,1, 32009, 29420,100629,786700032, 91800,682598, 75645,278923
1152, 05-17 22:34:14,1, 32000, 29442,100625,789900032, 92087,683849, 75860,280837
1153, 05-17 22:34:15,1, 32009, 29453,100629,791800000, 92178,684249, 75929,281452
