1, 05-17 22:15:00,1, 29070, 33062,100613,1287600000, 50000,600000, 49999,     0
2, 05-17 22:15:01,1, 29050, 35095,100611,1102499968, 50000,600000, 49999,     0
3, 05-17 22:15:02,1, 29360, 35117,100609,1109699968, 50000,600000, 49999,     0
4, 05-17 22:15:03,1, 29500, 34973,100609,1113299968, 50000,600000, 49999,     0
5, 05-17 22:15:04,1, 29610, 34851,100613,1114200064, 50000,600000, 49999,     0
6, 05-17 22:15:05,1, 29690, 34654,100613,1112400000, 50000,600000, 49999,     0
7, 05-17 22:15:06,1, 29750, 34445,100613,1121500032, 50000,600000, 49999,     0
8, 05-17 22:15:07,1, 29820, 34197,100615,1126200064, 50000,600000, 49999,     0
9, 05-17 22:15:08,1, 29860, 33960,100611,1115100032, 50000,600000, 49999,     0
10, 05-17 22:15:09,1, 29910, 33729,100613,1120600064, 50000,600000, 49999,     0
11, 05-17 22:15:11,1, 29940, 33473,100613,1116899968, 50000,600000, 49999,     0
12, 05-17 22:15:12,1, 29980, 33265,100617,1130800000, 50000,600000, 49999,     0
13, 05-17 22:15:13,1, 30030, 33057,100617,1132700032, 50000,600000, 49999,     0
14, 05-17 22:15:14,1, 30050, 32870,100613,1128000000, 50000,600000, 49999,     0
15, 05-17 22:15:15,1, 30080, 32682,100613,1126200064, 50000,600000, 49999,     0
16, 05-17 22:15:16,1, 30110, 32494,100615,1137400064, 50000,600000, 49999,     0
17, 05-17 22:15:17,1, 30120, 32323,100611,1137400064, 50000,600000, 49999,     0
18, 05-17 22:15:18,1, 30140, 32152,100611,1140300032, 50000,600000, 49999,     0
19, 05-17 22:15:19,1, 30170, 31982,100617,1135500032, 50000,600000, 49999,     0
20, 05-17 22:15:20,1, 30180, 31845,100615,1128899968, 50000,600000, 49999,     0
21, 05-17 22:15:21,1, 30190, 31700,100617,1139299968, 50000,600000, 49999,     0
22, 05-17 22:15:22,1, 30200, 31537,100617,1143100032, 50000,600000, 49999,     0
23, 05-17 22:15:23,1, 30220, 31408,100615,1139299968, 50000,600000, 49999,     0
24, 05-17 22:15:24,1, 30220, 31286,100615,1129900032, 50000,600000, 49999,     0
25, 05-17 22:15:25,1, 30230, 31182,100613,1148899968, 50000,600000, 49999,     0
26, 05-17 22:15:26,1, 30240, 31077,100617,1136499968, 50000,600000, 49999,     0
27, 05-17 22:15:27,1, 30250, 30962,100615,1139299968, 50000,600000, 49999,     0
28, 05-17 22:15:28,1, 30250, 30863,100613,1153799936, 50000,600000, 49999,     0
29, 05-17 22:15:29,1, 30260, 30781,100615,1153799936, 50000,600000, 49999,     0
30, 05-17 22:15:30,1, 30270, 30700,100613,1154700032, 50000,600000, 49999,     0
31, 05-17 22:15:31,1, 30270, 30639,100613,1152800000, 50000,600000, 49999,     0
32, 05-17 22:15:32,1, 30280, 30523,100615,1147000064, 50000,600000, 49999,     0
33, 05-17 22:15:33,1, 30290, 30403,100613,1154700032, 50000,600000, 49999,     0
34, 05-17 22:15:34,1, 30310, 30325,100615,1156700032, 50000,600000, 49999,     0
35, 05-17 22:15:35,1, 30310, 30216,100613,1155699968, 50000,600000, 49999,     0
36, 05-17 22:15:36,1, 30320, 30145,100613,1151800064, 50000,600000, 49999,     0
37, 05-17 22:15:37,1, 30330, 30068,100615,1151800064, 50000,600000, 49999,     0
38, 05-17 22:15:38,1, 30340, 29998,100617,1147000064, 50000,600000, 49999,     0
39, 05-17 22:15:39,1, 30350, 29943,100615,1147000064, 50000,600000, 49999,     0
40, 05-17 22:15:40,1, 30360, 29917,100617,1153799936, 50000,600000, 49999,     0
41, 05-17 22:15:41,1, 30370, 29875,100615,1162599936, 50000,600000, 49999,     0
42, 05-17 22:15:42,1, 30380, 29855,100615,1152800000, 50000,600000, 49999,     0
43, 05-17 22:15:43,1, 30400, 29835,100617,1149900032, 50000,600000, 49999,     0
44, 05-17 22:15:44,1, 30400, 29819,100617,1156700032, 50000,600000, 49999,     0
45, 05-17 22:15:45,1, 30420, 29791,100613,1156700032, 50000,600000, 49999,     0
46, 05-17 22:15:46,1, 30430, 29779,100613,1150800000, 50000,600000, 49999,     0
47, 05-17 22:15:47,1, 30440, 29773,100615,1157699968, 50000,600000, 49999,     0
48, 05-17 22:15:48,1, 30470, 29760,100617,1152800000, 50000,600000, 49999,     0
49, 05-17 22:15:49,1, 30470, 29738,100613,1156700032, 50000,600000, 49999,     0
50, 05-17 22:15:50,1, 30480, 29724,100615,1162599936, 50000,600000, 49999,     0
51, 05-17 22:15:51,1, 30500, 29703,100615,1166599936, 50000,600000, 49999,     0
52, 05-17 22:15:52,1, 30510, 29666,100615,1160600064, 50000,600000, 49999,     0
53, 05-17 22:15:53,1, 30520, 29606,100613,1168600064, 50000,600000, 49999,     0
54, 05-17 22:15:54,1, 30540, 29566,100613,1167600000, 50000,600000, 49999,     0
55, 05-17 22:15:55,1, 30550, 29511,100613,1164600064, 50000,600000, 49999,     0
56, 05-17 22:15:56,1, 30560, 29469,100617,1167600000, 50000,600000, 49999,     0
57, 05-17 22:15:57,1, 30570, 29403,100617,1161600000, 50000,600000, 49999,     0
58, 05-17 22:15:58,1, 30580, 29362,100615,1161600000, 50000,600000, 49999,     0
59, 05-17 22:15:59,1, 30610, 29316,100615,1169600000, 50000,600000, 49999,     0
60, 05-17 22:16:00,1, 30620, 29300,100615,1172600064, 50000,600000, 49999,     0
61, 05-17 22:16:01,1, 30630, 29274,100617,1172600064, 50000,600000, 49999,     0
62, 05-17 22:16:02,1, 30640, 29235,100615,1162599936, 50000,600000, 49999,     0
63, 05-17 22:16:03,1, 30650, 29217,100615,1168600064, 50000,600000, 49999,     0
64, 05-17 22:16:04,1, 30660, 29195,100615,1175600000, 50000,600000, 49999,     0
65, 05-17 22:16:05,1, 30680, 29180,100617,1172600064, 50000,600000, 49999,     0
66, 05-17 22:16:06,1, 30690, 29155,100615,1173600000, 50000,600000, 49999,     0
67, 05-17 22:16:07,1, 30700, 29140,100615,1167600000, 50000,600000, 49999,     0
68, 05-17 22:16:08,1, 30720, 29120,100617,1174599936, 50000,600000, 49999,     0
69, 05-17 22:16:09,1, 30730, 29104,100615,1170599936, 50000,600000, 49999,     0
70, 05-17 22:16:10,1, 30750, 29087,100615,1167600000, 50000,600000, 49999,     0
71, 05-17 22:16:11,1, 30760, 29093,100615,1168600064, 50000,600000, 49999,     0
72, 05-17 22:16:12,1, 30760, 29083,100617,1177600000, 50000,600000, 49999,     0
73, 05-17 22:16:13,1, 30780, 29090,100615,1176600064, 50000,600000, 49999,     0
74, 05-17 22:16:14,1, 30780, 29068,100617,1173600000, 50000,600000, 49999,     0
75, 05-17 22:16:15,1, 30800, 29077,100615,1178700032, 50000,600000, 49999,     0
76, 05-17 22:16:16,1, 30820, 29077,100617,1173600000, 50000,600000, 49999,     0
77, 05-17 22:16:17,1, 30830, 29073,100615,1178700032, 50000,600000, 49999,     0
78, 05-17 22:16:18,1, 30840, 29073,100615,1170599936, 50000,600000, 49999,     0
79, 05-17 22:16:19,1, 30840, 29079,100619,1174599936, 50000,600000, 49999,     0
80, 05-17 22:16:20,1, 30860, 29077,100615,1175600000, 50000,600000, 49999,     0
81, 05-17 22:16:21,1, 30870, 29063,100617,1183800064, 50000,600000, 49999,     0
82, 05-17 22:16:22,1, 30880, 29063,100617,1171600000, 50000,600000, 49999,     0
83, 05-17 22:16:23,1, 30890, 29043,100617,1180700032, 50000,600000, 49999,     0
84, 05-17 22:16:24,1, 30900, 29007,100615,1181699968, 50000,600000, 49999,     0
85, 05-17 22:16:25,1, 30920, 28998,100613,1184800000, 50000,600000, 49999,     0
86, 05-17 22:16:26,1, 30930, 28964,100615,1179699968, 50000,600000, 49999,     0
87, 05-17 22:16:27,1, 30940, 28928,100617,1176600064, 50000,600000, 49999,     0
88, 05-17 22:16:28,1, 30940, 28885,100617,1177600000, 50000,600000, 49999,     0
89, 05-17 22:16:29,1, 30960, 28866,100613,1181699968, 50000,600000, 49999,     0
90, 05-17 22:16:30,1, 30980, 28813,100617,1177600000, 50000,600000, 49999,     0
91, 05-17 22:16:31,1, 30980, 28785,100613,1174599936, 50000,600000, 49999,     0
92, 05-17 22:16:32,1, 30990, 28753,100617,1190000000, 50000,600000, 49999,     0
93, 05-17 22:16:33,1, 31010, 28740,100617,1188899968, 50000,600000, 49999,     0
94, 05-17 22:16:34,1, 31020, 28724,100615,1177600000, 50000,600000, 49999,     0
95, 05-17 22:16:35,1, 31030, 28698,100617,1184800000, 50000,600000, 49999,     0
96, 05-17 22:16:36,1, 31040, 28698,100615,1187900032, 50000,600000, 49999,     0
97, 05-17 22:16:37,1, 31050, 28680,100617,1188899968, 50000,600000, 49999,     0
98, 05-17 22:16:38,1, 31060, 28669,100615,1181699968, 50000,600000, 49999,     0
99, 05-17 22:16:39,1, 31070, 28649,100615,1176600064, 50000,600000, 49999,     0
100, 05-17 22:16:40,1, 31080, 28660,100613,1193100032, 50000,600000, 49999,     0
101, 05-17 22:16:41,1, 31080, 28649,100613,1191000064, 50000,600000, 49999,     0
102, 05-17 22:16:42,1, 31100, 28648,100617,1195200000, 50000,600000, 49999,     0
103, 05-17 22:16:43,1, 31110, 28659,100613,1184800000, 50000,600000, 49999,     0
104, 05-17 22:16:44,1, 31110, 28643,100613,1183800064, 50000,600000, 49999,     0
105, 05-17 22:16:45,1, 31130, 28649,100615,1185799936, 50000,600000, 49999,     0
106, 05-17 22:16:46,1, 31130, 28633,100613,1190000000, 50000,600000, 49999,     0
107, 05-17 22:16:47,1, 31140, 28597,100615,1186899968, 50000,600000, 49999,     0
108, 05-17 22:16:48,1, 31150, 28554,100613,1187900032, 50000,600000, 49999,     0
109, 05-17 22:16:49,1, 31160, 28518,100615,1192000000, 50000,600000, 49999,     0
110, 05-17 22:16:50,1, 31170, 28452,100613,1195200000, 50000,600000, 49999,     0
111, 05-17 22:16:51,1, 31180, 28411,100615,1193100032, 50000,600000, 49999,     0
112, 05-17 22:16:52,1, 31190, 28377,100613,1191000064, 50000,600000, 49999,     0
113, 05-17 22:16:53,1, 31200, 28357,100613,1197299968, 50000,600000, 49999,     0
114, 05-17 22:16:54,1, 31210, 28326,100613,1195200000, 50000,600000, 49999,     0
115, 05-17 22:16:55,1, 31220, 28293,100613,1193100032, 50000,600000, 49999,     0
116, 05-17 22:16:56,1, 31230, 28273,100611,1190000000, 50000,600000, 49999,     0
117, 05-17 22:16:57,1, 31240, 28246,100611,1193100032, 50000,600000, 49999,     0
118, 05-17 22:16:58,1, 31250, 28238,100613,1199399936, 50000,600000, 49999,     0
119, 05-17 22:16:59,1, 31260, 28227,100615,1194099968, 50000,600000, 49999,     0
120, 05-17 22:17:00,1, 31260, 28222,100613,1197299968, 50000,600000, 49999,     0
121, 05-17 22:17:01,1, 31270, 28212,100613,1194099968, 50000,600000, 49999,     0
122, 05-17 22:17:02,1, 31280, 28207,100611,1199399936, 50000,600000, 49999,     0
123, 05-17 22:17:03,1, 31290, 28176,100611,1200400000, 50000,600000, 49999,     0
124, 05-17 22:17:04,1, 31290, 28166,100609,1200400000, 50000,600000, 49999,     0
125, 05-17 22:17:05,1, 31300, 28135,100613,1202499968, 50000,600000, 49999,     0
126, 05-17 22:17:06,1, 31310, 28119,100611,1200400000, 50000,600000, 49999,     0
127, 05-17 22:17:07,1, 31320, 28115,100611,1197299968, 50000,600000, 49999,     0
128, 05-17 22:17:08,1, 31320, 28099,100613,1195200000, 50000,600000, 49999,     0
129, 05-17 22:17:09,1, 31340, 28072,100615,1195200000, 50000,600000, 49999,     0
130, 05-17 22:17:10,1, 31350, 28085,100611,1188899968, 50000,600000, 49999,     0
131, 05-17 22:17:11,1, 31340, 28095,100605,1203600000, 50000,600000, 49999,     0
132, 05-17 22:17:12,1, 31360, 28097,100611,1199399936, 50000,600000, 49999,     0
133, 05-17 22:17:13,1, 31370, 28105,100613,1201500032, 50000,600000, 49999,     0
134, 05-17 22:17:14,1, 31360, 28115,100611,1204700032, 50000,600000, 49999,     0
135, 05-17 22:17:15,1, 31380, 28117,100613,1188899968, 50000,600000, 49999,     0
136, 05-17 22:17:16,1, 31390, 28111,100613,1199399936, 50000,600000, 49999,     0
137, 05-17 22:17:17,1, 31400, 28131,100609,1199399936, 50000,600000, 49999,     0
138, 05-17 22:17:18,1, 31400, 28115,100613,1197299968, 50000,600000, 49999,     0
139, 05-17 22:17:19,1, 31400, 28110,100611,1197299968, 50000,600000, 49999,     0
140, 05-17 22:17:20,1, 31410, 28104,100611,1199399936, 50000,600000, 49999,     0
141, 05-17 22:17:21,1, 31420, 28104,100609,1202499968, 50000,600000, 49999,     0
142, 05-17 22:17:22,1, 31430, 28067,100609,1204700032, 50000,600000, 49999,     0
143, 05-17 22:17:23,1, 31440, 28062,100611,1213200000, 50000,600000, 49999,     0
144, 05-17 22:17:24,1, 31450, 28039,100611,1201500032, 50000,600000, 49999,     0
145, 05-17 22:17:25,1, 31450, 28027,100609,1200400000, 50000,600000, 49999,     0
146, 05-17 22:17:26,1, 31460, 27979,100613,1201500032, 50000,600000, 49999,     0
147, 05-17 22:17:27,1, 31460, 27935,100609,1204700032, 50000,600000, 49999,     0
148, 05-17 22:17:28,1, 31480, 27904,100611,1203600000, 50000,600000, 49999,     0
149, 05-17 22:17:29,1, 31470, 27882,100611,1203600000, 50000,600000, 49999,     0
150, 05-17 22:17:30,1, 31480, 27866,100611,1201500032, 50000,600000, 49999,     0
151, 05-17 22:17:31,1, 31490, 27840,100609,1204700032, 50000,600000, 49999,     0
152, 05-17 22:17:32,1, 31500, 27820,100607,1200400000, 50000,600000, 49999,     0
153, 05-17 22:17:33,1, 31500, 27794,100609,1204700032, 50000,600000, 49999,     0
154, 05-17 22:17:34,1, 31510, 27783,100607,1204700032, 50000,600000, 49999,     0
155, 05-17 22:17:35,1, 31520, 27795,100605,1205699968, 50000,600000, 49999,     0
156, 05-17 22:17:36,1, 31530, 27834,100611,1210000000, 50000,600000, 49999,     0
157, 05-17 22:17:37,1, 31530, 27856,100609,1203600000, 50000,600000, 49999,     0
158, 05-17 22:17:38,1, 31530, 27884,100607,1208899968, 50000,600000, 49999,     0
159, 05-17 22:17:39,1, 31540, 27901,100609,1207900032, 50000,600000, 49999,     0
160, 05-17 22:17:40,1, 31550, 27914,100607,1207900032, 50000,600000, 49999,     0
161, 05-17 22:17:41,1, 31560, 27954,100609,1214300032, 50000,600000, 49999,     0
162, 05-17 22:17:42,1, 31570, 27992,100607,1207900032, 50000,600000, 49999,     0
163, 05-17 22:17:43,1, 31570, 27986,100607,1220800000, 50000,600000, 49999,     0
164, 05-17 22:17:44,1, 31570, 27997,100609,1212099968, 50000,600000, 49999,     0
165, 05-17 22:17:45,1, 31580, 28042,100607,1215399936, 50000,600000, 49999,     0
166, 05-17 22:17:46,1, 31590, 28060,100613,1216499968, 50000,600000, 49999,     0
167, 05-17 22:17:47,1, 31600, 28090,100611,1210000000, 50000,600000, 49999,     0
168, 05-17 22:17:48,1, 31610, 28128,100611,1220800000, 50000,600000, 49999,     0
169, 05-17 22:17:49,1, 31620, 28140,100613,1223000064, 50000,600000, 49999,     0
170, 05-17 22:17:50,1, 31620, 28156,100611,1219699968, 50000,600000, 49999,     0
171, 05-17 22:17:51,1, 31630, 28190,100609,1216499968, 50000,600000, 49999,     0
172, 05-17 22:17:52,1, 31640, 28196,100611,1221900032, 50000,600000, 49999,     0
173, 05-17 22:17:53,1, 31650, 28237,100609,1221900032, 50000,600000, 49999,     0
174, 05-17 22:17:54,1, 31660, 28248,100613,1219699968, 50000,600000, 49999,     0
175, 05-17 22:17:55,1, 31670, 28267,100611,1219699968, 50000,600000, 49999,     0
176, 05-17 22:17:56,1, 31670, 28283,100609,1220800000, 50000,600000, 49999,     0
177, 05-17 22:17:57,1, 31680, 28299,100607,1217500032, 50000,600000, 49999,     0
178, 05-17 22:17:58,1, 31690, 28323,100609,1229600000, 50000,600000, 49999,     0
179, 05-17 22:17:59,1, 31690, 28340,100609,1217500032, 50000,600000, 49999,     0
180, 05-17 22:18:00,1, 31700, 28364,100609,1223000064, 50000,600000, 49999,     0
181, 05-17 22:18:01,1, 31700, 28374,100609,1226300032, 50000,600000, 49999,     0
182, 05-17 22:18:02,1, 31700, 28402,100607,1219699968, 50000,600000, 49999,     0
183, 05-17 22:18:03,1, 31720, 28430,100611,1220800000, 50000,600000, 49999,     0
184, 05-17 22:18:04,1, 31730, 28437,100609,1220800000, 50000,600000, 49999,     0
185, 05-17 22:18:05,1, 31750, 28462,100609,1221900032, 50000,600000, 49999,     0
186, 05-17 22:18:06,1, 31750, 28484,100609,1228499968, 50000,600000, 49999,     0
187, 05-17 22:18:07,1, 31750, 28468,100607,1218599936, 50000,600000, 49999,     0
188, 05-17 22:18:08,1, 31750, 28505,100607,1221900032, 50000,600000, 49999,     0
189, 05-17 22:18:09,1, 31760, 28508,100609,1220800000, 50000,600000, 49999,     0
190, 05-17 22:18:10,1, 31770, 28524,100609,1229600000, 50000,600000, 49999,     0
191, 05-17 22:18:11,1, 31780, 28525,100607,1223000064, 50000,600000, 49999,     0
192, 05-17 22:18:12,1, 31790, 28515,100611,1221900032, 50000,600000, 49999,     0
193, 05-17 22:18:13,1, 31800, 28524,100613,1225200000, 50000,600000, 49999,     0
194, 05-17 22:18:14,1, 31810, 28540,100611,1230700032, 50000,600000, 49999,     0
195, 05-17 22:18:15,1, 31810, 28519,100609,1234099968, 50000,600000, 49999,     0
196, 05-17 22:18:16,1, 31820, 28535,100607,1217500032, 50000,600000, 49999,     0
197, 05-17 22:18:17,1, 31830, 28543,100613,1219699968, 50000,600000, 49999,     0
198, 05-17 22:18:18,1, 31840, 28543,100609,1236300032, 50000,600000, 49999,     0
199, 05-17 22:18:19,1, 31840, 28536,100611,1232899968, 50000,600000, 49999,     0
200, 05-17 22:18:20,1, 31850, 28519,100609,1232899968, 50000,600000, 49999,     0
201, 05-17 22:18:21,1, 31850, 28486,100609,1223000064, 50000,600000, 49999,     0
202, 05-17 22:18:22,1, 31850, 28432,100611,1226300032, 50000,600000, 49999,     0
203, 05-17 22:18:23,1, 31860, 28383,100609,1237400064, 50000,600000, 49999,     0
204, 05-17 22:18:24,1, 31870, 28334,100609,1230700032, 50000,600000, 49999,     0
205, 05-17 22:18:25,1, 31870, 28280,100609,1236300032, 50000,600000, 49999,     0
206, 05-17 22:18:26,1, 31880, 28219,100611,1230700032, 50000,600000, 49999,     0
207, 05-17 22:18:27,1, 31890, 28156,100609,1239699968, 50000,600000, 49999,     0
208, 05-17 22:18:28,1, 31890, 28141,100607,1238499968, 50000,600000, 49999,     0
209, 05-17 22:18:29,1, 31890, 28091,100605,1229600000, 50000,600000, 49999,     0
210, 05-17 22:18:30,1, 31900, 28038,100607,1241900032, 50000,600000, 49999,     0
211, 05-17 22:18:31,1, 31910, 27995,100609,1241900032, 50000,600000, 49999,     0
212, 05-17 22:18:32,1, 31910, 27956,100609,1239699968, 50000,600000, 49999,     0
213, 05-17 22:18:33,1, 31910, 27923,100607,1247600000, 50000,600000, 49999,     0
214, 05-17 22:18:34,1, 31920, 27871,100609,1246499968, 50000,600000, 49999,     0
215, 05-17 22:18:35,1, 31920, 27832,100609,1244199936, 50000,600000, 49999,     0
216, 05-17 22:18:36,1, 31920, 27811,100605,1243000064, 50000,600000, 49999,     0
217, 05-17 22:18:37,1, 31930, 27795,100607,1245299968, 50000,600000, 49999,     0
218, 05-17 22:18:38,1, 31940, 27758,100611,1246499968, 50000,600000, 49999,     0
219, 05-17 22:18:39,1, 31950, 27732,100609,1247600000, 50000,600000, 49999,     0
220, 05-17 22:18:40,1, 31950, 27716,100607,1247600000, 50000,600000, 49999,     0
221, 05-17 22:18:41,1, 31950, 27700,100605,1248700032, 50000,600000, 49999,     0
222, 05-17 22:18:42,1, 31960, 27657,100609,1255600000, 50000,600000, 49999,     0
223, 05-17 22:18:43,1, 31970, 27663,100607,1245299968, 50000,600000, 49999,     0
224, 05-17 22:18:44,1, 31970, 27631,100605,1241900032, 50000,600000, 49999,     0
225, 05-17 22:18:45,1, 31980, 27605,100615,1249900032, 50000,600000, 49999,     0
226, 05-17 22:18:46,1, 31980, 27605,100611,1249900032, 50000,600000, 49999,     0
227, 05-17 22:18:47,1, 31990, 27572,100611,1261400064, 50000,600000, 49999,     0
228, 05-17 22:18:48,1, 32000, 27571,100613,1249900032, 50000,600000, 49999,     0
229, 05-17 22:18:49,1, 32000, 27555,100609,1253299968, 50000,600000, 49999,     0
230, 05-17 22:18:50,1, 32000, 27549,100609,1255600000, 50000,600000, 49999,     0
231, 05-17 22:18:51,1, 32000, 27532,100611,1253299968, 50000,600000, 49999,     0
232, 05-17 22:18:52,1, 32009, 27522,100611,1252199936, 50000,600000, 49999,     0
233, 05-17 22:18:53,1, 32009, 27501,100609,1255600000, 50000,600000, 49999,     0
234, 05-17 22:18:54,1, 32020, 27501,100609,1245299968, 50000,600000, 49999,     0
235, 05-17 22:18:55,1, 32020, 27496,100611,1252199936, 50000,600000, 49999,     0
236, 05-17 22:18:56,1, 32020, 27480,100607,1263800064, 50000,600000, 49999,     0
237, 05-17 22:18:57,1, 32020, 27468,100609,1246499968, 50000,600000, 49999,     0
238, 05-17 22:18:58,1, 32029, 27470,100605,1262599936, 50000,600000, 49999,     0
239, 05-17 22:18:59,1, 32040, 27481,100611,1257900032, 50000,600000, 49999,     0
240, 05-17 22:19:00,1, 32040, 27470,100611,1261400064, 50000,600000, 49999,     0
241, 05-17 22:19:01,1, 32050, 27457,100611,1261400064, 50000,600000, 49999,     0
242, 05-17 22:19:02,1, 32050, 27473,100611,1260300032, 50000,600000, 49999,     0
243, 05-17 22:19:03,1, 32060, 27457,100609,1261400064, 50000,600000, 49999,     0
244, 05-17 22:19:04,1, 32050, 27441,100605,1264899968, 50000,600000, 49999,     0
245, 05-17 22:19:05,1, 32060, 27436,100607,1259100032, 50000,600000, 49999,     0
246, 05-17 22:19:06,1, 32060, 27420,100609,1266099968, 50000,600000, 49999,     0
247, 05-17 22:19:07,1, 32060, 27408,100611,1267299968, 50000,600000, 49999,     0
248, 05-17 22:19:08,1, 32070, 27381,100609,1268499968, 50000,600000, 49999,     0
249, 05-17 22:19:09,1, 32080, 27343,100611,1263800064, 50000,600000, 49999,     0
250, 05-17 22:19:10,1, 32080, 27343,100607,1266099968, 50000,600000, 49999,     0
251, 05-17 22:19:11,1, 32090, 27302,100609,1264899968, 50000,600000, 49999,     0
252, 05-17 22:19:12,1, 32090, 27318,100609,1261400064, 50000,600000, 49999,     0
253, 05-17 22:19:13,1, 32110, 27313,100611,1269600000, 50000,600000, 49999,     0
254, 05-17 22:19:14,1, 32099, 27331,100611,1266099968, 50000,600000, 49999,     0
255, 05-17 22:19:15,1, 32099, 27341,100611,1263800064, 50000,600000, 49999,     0
256, 05-17 22:19:16,1, 32119, 27353,100609,1266099968, 50000,600000, 49999,     0
257, 05-17 22:19:17,1, 32119, 27359,100613,1266099968, 50000,600000, 49999,     0
258, 05-17 22:19:18,1, 32130, 27359,100613,1273200000, 50000,600000, 49999,     0
259, 05-17 22:19:19,1, 32140, 27377,100611,1264899968, 50000,600000, 49999,     0
260, 05-17 22:19:20,1, 32140, 27393,100611,1269600000, 50000,600000, 49999,     0
261, 05-17 22:19:21,1, 32150, 27412,100611,1273200000, 50000,600000, 49999,     0
262, 05-17 22:19:22,1, 32160, 27386,100611,1270800000, 50000,600000, 49999,     0
263, 05-17 22:19:23,1, 32160, 27397,100609,1268499968, 50000,600000, 49999,     0
264, 05-17 22:19:24,1, 32160, 27425,100611,1272000000, 50000,600000, 49999,     0
265, 05-17 22:19:25,1, 32169, 27426,100609,1274400000, 50000,600000, 49999,     0
266, 05-17 22:19:26,1, 32180, 27432,100617,1270800000, 50000,600000, 49999,     0
267, 05-17 22:19:27,1, 32189, 27448,100613,1269600000, 50000,600000, 49999,     0
268, 05-17 22:19:28,1, 32189, 27443,100613,1279200000, 50000,600000, 49999,     0
269, 05-17 22:19:29,1, 32189, 27448,100611,1270800000, 50000,600000, 49999,     0
270, 05-17 22:19:30,1, 32200, 27458,100615,1266099968, 50000,600000, 49999,     0
271, 05-17 22:19:31,1, 32210, 27485,100613,1268499968, 50000,600000, 49999,     0
272, 05-17 22:19:32,1, 32220, 27501,100611,1268499968, 50000,600000, 49999,     0
273, 05-17 22:19:33,1, 32220, 27485,100611,1272000000, 50000,600000, 49999,     0
274, 05-17 22:19:34,1, 32230, 27503,100613,1268499968, 50000,600000, 49999,     0
275, 05-17 22:19:35,1, 32230, 27497,100611,1266099968, 50000,600000, 49999,     0
276, 05-17 22:19:36,1, 32230, 27503,100611,1270800000, 50000,600000, 49999,     0
277, 05-17 22:19:37,1, 32240, 27492,100613,1268499968, 50000,600000, 49999,     0
278, 05-17 22:19:38,1, 32240, 27470,100611,1278000000, 50000,600000, 49999,     0
279, 05-17 22:19:39,1, 32240, 27448,100613,1281600000, 50000,600000, 49999,     0
280, 05-17 22:19:40,1, 32250, 27414,100611,1274400000, 50000,600000, 49999,     0
281, 05-17 22:19:41,1, 32259, 27381,100611,1281600000, 50000,600000, 49999,     0
282, 05-17 22:19:42,1, 32250, 27343,100609,1275600000, 50000,600000, 49999,     0
283, 05-17 22:19:43,1, 32270, 27291,100611,1278000000, 50000,600000, 49999,     0
284, 05-17 22:19:44,1, 32270, 27258,100609,1275600000, 50000,600000, 49999,     0
285, 05-17 22:19:45,1, 32279, 27231,100613,1274400000, 50000,600000, 49999,     0
286, 05-17 22:19:46,1, 32279, 27198,100613,1275600000, 50000,600000, 49999,     0
287, 05-17 22:19:47,1, 32279, 27160,100613,1273200000, 50000,600000, 49999,     0
288, 05-17 22:19:48,1, 32279, 27128,100613,1281600000, 50000,600000, 49999,     0
289, 05-17 22:19:49,1, 32290, 27118,100613,1280400000, 50000,600000, 49999,     0
290, 05-17 22:19:50,1, 32290, 27118,100611,1280400000, 50000,600000, 49999,     0
291, 05-17 22:19:51,1, 32300, 27114,100609,1273200000, 50000,600000, 49999,     0
292, 05-17 22:19:52,1, 32290, 27097,100609,1280400000, 50000,600000, 49999,     0
293, 05-17 22:19:53,1, 32310, 27093,100611,1274400000, 50000,600000, 49999,     0
294, 05-17 22:19:54,1, 32300, 27088,100613,1282800000, 50000,600000, 49999,     0
295, 05-17 22:19:55,1, 32310, 27082,100611,1273200000, 50000,600000, 49999,     0
296, 05-17 22:19:56,1, 32320, 27084,100611,1285200000, 50000,600000, 49999,     0
297, 05-17 22:19:57,1, 32310, 27082,100609,1281600000, 50000,600000, 49999,     0
298, 05-17 22:19:58,1, 32320, 27078,100609,1278000000, 50000,600000, 49999,     0
299, 05-17 22:19:59,1, 32310, 27077,100607,1280400000, 50000,600000, 49999,     0
300, 05-17 22:20:00,1, 32320, 27057,100609,1286400000, 50000,600000, 49999,     0
301, 05-17 22:20:01,1, 32330, 27058,100613,1285200000, 50000,600000, 49999,     0
302, 05-17 22:20:02,1, 32340, 27038,100613,1285200000, 50000,600000, 49999,     0
303, 05-17 22:20:03,1, 32330, 27042,100611,1276800000, 50154,600269, 50076,  1028
304, 05-17 22:20:04,1, 32340, 27038,100613,1284000000, 50000,600000, 49999,     0
305, 05-17 22:20:05,1, 32349, 27029,100611,1285200000, 50000,600000, 49999,     0
306, 05-17 22:20:06,1, 32340, 27022,100611,1281600000, 50000,600000, 49999,     0
307, 05-17 22:20:07,1, 32340, 27027,100609,1286400000, 50000,600000, 49999,     0
308, 05-17 22:20:08,1, 32349, 27034,100609,1294899968, 50000,600000, 49999, -2494
309, 05-17 22:20:09,1, 32349, 27023,100607,1290000000, 50000,600000, 49999, -2858
310, 05-17 22:20:10,1, 32360, 27025,100609,1287600000, 50000,600000, 49999, -2140
311, 05-17 22:20:11,1, 32360, 27009,100615,1288800000, 50000,600000, 49999, -1692
312, 05-17 22:20:12,1, 32360, 27009,100615,1292499968, 50000,600000, 49999, -2332
313, 05-17 22:20:13,1, 32360, 27009,100613,1285200000, 50000,600000, 49999,  -167
314, 05-17 22:20:14,1, 32360, 26993,100613,1290000000, 50000,600000, 49999,     0
315, 05-17 22:20:15,1, 32360, 27009,100611,1282800000, 50134,600234, 50066,   895
316, 05-17 22:20:16,1, 32360, 26988,100609,1286400000, 50112,600197, 50055,   752
317, 05-17 22:20:17,1, 32369, 26970,100611,1292499968, 50000,600000, 49999,     0
318, 05-17 22:20:18,1, 32369, 26954,100611,1296199936, 50000,600000, 49999, -1156
319, 05-17 22:20:19,1, 32380, 26929,100611,1296199936, 50000,600000, 49999, -2066
320, 05-17 22:20:20,1, 32380, 26929,100613,1290000000, 50000,600000, 49999,  -521
321, 05-17 22:20:22,1, 32380, 26908,100609,1298599936, 50000,600000, 49999, -1850
322, 05-17 22:20:23,1, 32380, 26880,100611,1297400064, 50000,600000, 49999, -2361
323, 05-17 22:20:24,1, 32380, 26870,100609,1293699968, 50000,600000, 49999, -1318
324, 05-17 22:20:25,1, 32380, 26836,100615,1293699968, 50000,600000, 49999,  -142
325, 05-17 22:20:26,1, 32390, 26836,100615,1291200000, 50000,600000, 49999,     0
326, 05-17 22:20:27,1, 32390, 26831,100615,1293699968, 50000,600000, 49999,     0
327, 05-17 22:20:28,1, 32390, 26821,100615,1294899968, 50000,600000, 49999,     0
328, 05-17 22:20:29,1, 32390, 26799,100617,1297400064, 50000,600000, 49999,     0
329, 05-17 22:20:30,1, 32400, 26802,100615,1302300032, 50000,600000, 49999, -1180
330, 05-17 22:20:31,1, 32400, 26814,100613,1294899968, 50000,600000, 49999,     0
331, 05-17 22:20:32,1, 32400, 26824,100613,1296199936, 50000,600000, 49999,     0
332, 05-17 22:20:33,1, 32410, 26840,100617,1293699968, 50012,600021, 50006,    83
333, 05-17 22:20:34,1, 32400, 26868,100617,1297400064, 50000,600000, 49999,     0
334, 05-17 22:20:35,1, 32410, 26889,100615,1294899968, 50000,600000, 49999,     0
335, 05-17 22:20:36,1, 32410, 26900,100615,1296199936, 50000,600000, 49999,     0
336, 05-17 22:20:37,1, 32419, 26921,100613,1288800000, 50291,600509, 50144,  1943
337, 05-17 22:20:38,1, 32419, 26944,100615,1296199936, 50180,600314, 50089,  1200
338, 05-17 22:20:39,1, 32430, 26972,100611,1293699968, 50204,600357, 50101,  1362
339, 05-17 22:20:40,1, 32430, 26972,100613,1292499968, 50287,600501, 50142,  1914
340, 05-17 22:20:41,1, 32430, 26961,100615,1296199936, 50170,600297, 50084,  1136
341, 05-17 22:20:42,1, 32430, 26972,100615,1309799936, 50000,600000, 49999, -1879
342, 05-17 22:20:43,1, 32439, 26972,100613,1297400064, 50000,600000, 49999,  -462
343, 05-17 22:20:44,1, 32439, 26966,100615,1297400064, 50000,600000, 49999,     0
344, 05-17 22:20:45,1, 32439, 26956,100615,1299900032, 50000,600000, 49999,     0
345, 05-17 22:20:46,1, 32439, 26939,100617,1301100032, 50000,600000, 49999,     0
346, 05-17 22:20:47,1, 32439, 26934,100617,1294899968, 50076,600134, 50038,   511
347, 05-17 22:20:48,1, 32439, 26924,100611,1296199936, 50115,600201, 50057,   767
348, 05-17 22:20:49,1, 32439, 26896,100615,1298599936, 50029,600051, 50014,   196
349, 05-17 22:20:50,1, 32450, 26889,100615,1294899968, 50141,600247, 50070,   944
350, 05-17 22:20:51,1, 32450, 26856,100617,1308600064, 50000,600000, 49999,  -738
351, 05-17 22:20:52,1, 32439, 26820,100615,1304800000, 50000,600000, 49999, -1013
352, 05-17 22:20:53,1, 32439, 26804,100615,1302300032, 50000,600000, 49999,  -177
353, 05-17 22:20:54,1, 32450, 26791,100615,1301100032, 50000,600000, 49999,     0
354, 05-17 22:20:55,1, 32439, 26771,100615,1306099968, 50000,600000, 49999,   -29
355, 05-17 22:20:56,1, 32460, 26770,100613,1303600000, 50000,600000, 49999,     0
356, 05-17 22:20:57,1, 32460, 26759,100615,1307299968, 50000,600000, 49999,  -123
357, 05-17 22:20:58,1, 32460, 26737,100613,1301100032, 50000,600000, 49999,     0
358, 05-17 22:20:59,1, 32460, 26749,100615,1298599936, 50148,600259, 50073,   989
359, 05-17 22:21:00,1, 32460, 26737,100615,1303600000, 50032,600056, 50016,   216
360, 05-17 22:21:01,1, 32470, 26734,100615,1299900032, 50118,600207, 50058,   792
361, 05-17 22:21:02,1, 32470, 26734,100611,1307299968, 50000,600000, 49999,     0
362, 05-17 22:21:03,1, 32480, 26750,100609,1302300032, 50000,600000, 49999,     0
363, 05-17 22:21:04,1, 32480, 26750,100613,1303600000, 50000,600000, 49999,     0
364, 05-17 22:21:05,1, 32480, 26744,100615,1299900032, 50108,600189, 50053,   723
365, 05-17 22:21:06,1, 32480, 26755,100615,1298599936, 50281,600492, 50139,  1879
366, 05-17 22:21:07,1, 32490, 26741,100613,1306099968, 50053,600092, 50026,   354
367, 05-17 22:21:08,1, 32490, 26747,100615,1304800000, 50000,600000, 49999,     0
368, 05-17 22:21:09,1, 32500, 26755,100613,1308600064, 50000,600000, 49999,     0
369, 05-17 22:21:10,1, 32500, 26760,100609,1303600000, 50000,600000, 49999,     0
370, 05-17 22:21:11,1, 32500, 26755,100613,1299900032, 50154,600270, 50076,  1033
371, 05-17 22:21:12,1, 32490, 26763,100615,1307299968, 50000,600000, 49999,     0
372, 05-17 22:21:13,1, 32500, 26765,100615,1330300032, 50000,600000, 49999, -6854
373, 05-17 22:21:14,1, 32509, 26743,100615,1304800000, 50000,600000, 49999, -4369
374, 05-17 22:21:15,1, 32509, 26743,100615,1307299968, 50000,600000, 49999, -2804
375, 05-17 22:21:16,1, 32509, 26727,100615,1306099968, 50000,600000, 49999,  -777
376, 05-17 22:21:17,1, 32509, 26706,100613,1307299968, 50000,600000, 49999,     0
377, 05-17 22:21:18,1, 32509, 26690,100613,1312300032, 50000,600000, 49999,     0
378, 05-17 22:21:19,1, 32509, 26683,100613,1326400000, 50000,600000, 49999, -4492
379, 05-17 22:21:20,1, 32520, 26675,100617,1304800000, 50000,600000, 49999,  -984
380, 05-17 22:21:21,1, 32520, 26647,100613,1307299968, 50000,600000, 49999,     0
381, 05-17 22:21:22,1, 32520, 26647,100617,1309799936, 50000,600000, 49999,     0
382, 05-17 22:21:23,1, 32520, 26658,100615,1308600064, 50005,600010, 50002,    39
383, 05-17 22:21:24,1, 32520, 26658,100615,1311100032, 50000,600000, 49999,     0
384, 05-17 22:21:25,1, 32529, 26653,100613,1308600064, 50011,600019, 50005,    73
385, 05-17 22:21:26,1, 32529, 26658,100611,1307299968, 50102,600179, 50050,   683
386, 05-17 22:21:27,1, 32540, 26666,100613,1314899968, 50000,600000, 49999,     0
387, 05-17 22:21:28,1, 32540, 26687,100617,1309799936, 50000,600000, 49999,     0
388, 05-17 22:21:29,1, 32529, 26670,100615,1314899968, 50000,600000, 49999,     0
389, 05-17 22:21:30,1, 32540, 26692,100615,1314899968, 50000,600000, 49999,     0
390, 05-17 22:21:31,1, 32550, 26695,100615,1314899968, 50000,600000, 49999,     0
391, 05-17 22:21:32,1, 32550, 26716,100615,1314899968, 50000,600000, 49999,     0
392, 05-17 22:21:33,1, 32550, 26743,100613,1314899968, 50000,600000, 49999,     0
393, 05-17 22:21:34,1, 32550, 26760,100615,1313600000, 50000,600000, 49999,     0
394, 05-17 22:21:35,1, 32560, 26771,100613,1320000000, 50000,600000, 49999,  -536
395, 05-17 22:21:36,1, 32560, 26771,100615,1308600064, 50084,600147, 50041,   560
396, 05-17 22:21:37,1, 32550, 26781,100613,1314899968, 50000,600000, 49999,     0
397, 05-17 22:21:38,1, 32560, 26810,100615,1325100032, 50000,600000, 49999, -1958
398, 05-17 22:21:39,1, 32560, 26810,100615,1307299968, 50000,600000, 49999,     0
399, 05-17 22:21:40,1, 32560, 26826,100617,1316099968, 50000,600000, 49999,     0
400, 05-17 22:21:41,1, 32560, 26831,100615,1316099968, 50000,600000, 49999,     0
401, 05-17 22:21:42,1, 32570, 26831,100613,1317400064, 50000,600000, 49999,     0
402, 05-17 22:21:43,1, 32570, 26836,100613,1318700032, 50000,600000, 49999,     0
403, 05-17 22:21:44,1, 32570, 26831,100613,1314899968, 50000,600000, 49999,     0
404, 05-17 22:21:45,1, 32570, 26842,100613,1316099968, 50000,600000, 49999,     0
405, 05-17 22:21:46,1, 32580, 26816,100611,1314899968, 50000,600000, 49999,     0
406, 05-17 22:21:47,1, 32580, 26822,100617,1350000000, 50000,600000, 49999, -9447
407, 05-17 22:21:48,1, 32580, 26811,100619,1320000000, 50000,600000, 49999, -7926
408, 05-17 22:21:49,1, 32590, 26801,100619,1317400064, 50000,600000, 49999, -5491
409, 05-17 22:21:50,1, 32590, 26779,100617,1316099968, 50000,600000, 49999, -2681
410, 05-17 22:21:51,1, 32580, 26779,100617,1317400064, 50000,600000, 49999,  -413
411, 05-17 22:21:52,1, 32590, 26773,100617,1321200000, 50000,600000, 49999,     0
412, 05-17 22:21:53,1, 32590, 26741,100615,1317400064, 50021,600037, 50010,   142
413, 05-17 22:21:54,1, 32580, 26725,100615,1316099968, 50146,600255, 50072,   974
414, 05-17 22:21:55,1, 32590, 26713,100615,1334200064, 50000,600000, 49999, -2061
415, 05-17 22:21:56,1, 32599, 26712,100615,1317400064, 50000,600000, 49999,     0
416, 05-17 22:21:57,1, 32599, 26680,100619,1316099968, 50150,600263, 50074,  1003
417, 05-17 22:21:58,1, 32610, 26642,100619,1320000000, 50121,600211, 50059,   806
418, 05-17 22:21:59,1, 32599, 26636,100615,1312300032, 50486,600849, 50241,  3242
419, 05-17 22:22:00,1, 32599, 26598,100617,1320000000, 50422,600737, 50209,  2814
420, 05-17 22:22:01,1, 32599, 26603,100617,1312300032, 50755,601319, 50375,  5033
421, 05-17 22:22:02,1, 32610, 26598,100615,1322499968, 50532,600931, 50264,  3552
422, 05-17 22:22:03,1, 32610, 26593,100615,1314899968, 50721,601259, 50358,  4807
423, 05-17 22:22:04,1, 32610, 26554,100619,1322499968, 50507,600887, 50252,  3385
424, 05-17 22:22:05,1, 32610, 26549,100619,1316099968, 50643,601124, 50319,  4290
425, 05-17 22:22:06,1, 32610, 26549,100617,1321200000, 50506,600884, 50251,  3375
426, 05-17 22:22:07,1, 32610, 26544,100615,1318700032, 50513,600897, 50255,  3424
427, 05-17 22:22:08,1, 32610, 26554,100615,1325100032, 50197,600344, 50097,  1313
428, 05-17 22:22:09,1, 32610, 26561,100615,1327699968, 50000,600000, 49999,     0
429, 05-17 22:22:10,1, 32619, 26549,100615,1314899968, 50248,600434, 50123,  1658
430, 05-17 22:22:11,1, 32619, 26544,100617,1317400064, 50372,600651, 50184,  2484
431, 05-17 22:22:12,1, 32619, 26533,100615,1321200000, 50292,600510, 50144,  1948
432, 05-17 22:22:13,1, 32619, 26512,100619,1316099968, 50481,600840, 50238,  3208
433, 05-17 22:22:14,1, 32619, 26507,100619,1320000000, 50452,600790, 50224,  3016
434, 05-17 22:22:15,1, 32630, 26519,100619,1318700032, 50491,600858, 50244,  3276
435, 05-17 22:22:16,1, 32630, 26502,100619,1316099968, 50658,601150, 50327,  4389
436, 05-17 22:22:17,1, 32630, 26513,100617,1306099968, 51312,602293, 50654,  8748
437, 05-17 22:22:18,1, 32630, 26508,100619,1318700032, 51252,602188, 50624,  8349
438, 05-17 22:22:19,1, 32630, 26497,100617,1338099968, 50231,600403, 50114,  1540
439, 05-17 22:22:20,1, 32630, 26497,100617,1314899968, 50493,600861, 50244,  3286
440, 05-17 22:22:21,1, 32640, 26492,100619,1320000000, 50465,600813, 50231,  3104
441, 05-17 22:22:22,1, 32640, 26502,100617,1328999936, 50000,600000, 49999,     0
442, 05-17 22:22:23,1, 32640, 26508,100615,1327699968, 50000,600000, 49999,   -88
443, 05-17 22:22:24,1, 32640, 26524,100619,1327699968, 50000,600000, 49999,  -265
444, 05-17 22:22:25,1, 32630, 26519,100615,1321200000, 50000,600000, 49999,     0
445, 05-17 22:22:26,1, 32630, 26497,100617,1338099968, 50000,600000, 49999, -3070
446, 05-17 22:22:27,1, 32640, 26513,100619,1326400000, 50000,600000, 49999, -1968
447, 05-17 22:22:28,1, 32640, 26513,100615,1327699968, 50000,600000, 49999, -1195
448, 05-17 22:22:29,1, 32640, 26508,100617,1323800064, 50000,600000, 49999,     0
449, 05-17 22:22:30,1, 32650, 26529,100615,1344700032, 50000,600000, 49999, -4620
450, 05-17 22:22:31,1, 32640, 26519,100617,1320000000, 50000,600000, 49999,  -378
451, 05-17 22:22:32,1, 32650, 26534,100617,1331500032, 50000,600000, 49999,  -275
452, 05-17 22:22:33,1, 32650, 26550,100619,1326400000, 50000,600000, 49999,     0
453, 05-17 22:22:34,1, 32650, 26544,100617,1348600064, 50000,600000, 49999, -5077
454, 05-17 22:22:35,1, 32660, 26599,100617,1323800064, 50000,600000, 49999, -1397
455, 05-17 22:22:36,1, 32650, 26599,100619,1326400000, 50000,600000, 49999,     0
456, 05-17 22:22:37,1, 32650, 26615,100615,1334200064, 50000,600000, 49999,     0
457, 05-17 22:22:38,1, 32660, 26632,100619,1327699968, 50002,600005, 50001,    19
458, 05-17 22:22:39,1, 32660, 26637,100617,1330300032, 50000,600000, 49999,     0
459, 05-17 22:22:40,1, 32660, 26647,100621,1325100032, 50173,600303, 50085,  1156
460, 05-17 22:22:41,1, 32650, 26669,100617,1340700032, 50000,600000, 49999,  -674
461, 05-17 22:22:42,1, 32660, 26674,100619,1331500032, 50000,600000, 49999,     0
462, 05-17 22:22:43,1, 32669, 26687,100619,1340700032, 50000,600000, 49999, -1589
463, 05-17 22:22:44,1, 32669, 26671,100617,1346000000, 50000,600000, 49999, -4600
464, 05-17 22:22:45,1, 32669, 26687,100619,1330300032, 50000,600000, 49999, -1850
465, 05-17 22:22:46,1, 32669, 26661,100617,1328999936, 50000,600000, 49999,     0
466, 05-17 22:22:47,1, 32680, 26661,100617,1332800000, 50000,600000, 49999,     0
467, 05-17 22:22:48,1, 32680, 26638,100617,1327699968, 50212,600371, 50105,  1417
468, 05-17 22:22:49,1, 32680, 26638,100617,1346000000, 50000,600000, 49999, -1067
469, 05-17 22:22:50,1, 32680, 26644,100617,1346000000, 50000,600000, 49999, -3370
470, 05-17 22:22:51,1, 32680, 26606,100615,1354000000, 50000,600000, 49999, -7789
471, 05-17 22:22:52,1, 32680, 26601,100619,1322499968, 50000,600000, 49999, -1023
472, 05-17 22:22:53,1, 32680, 26573,100615,1339399936, 50000,600000, 49999,  -447
473, 05-17 22:22:54,1, 32680, 26557,100617,1318700032, 50737,601288, 50366,  4915
474, 05-17 22:22:55,1, 32680, 26557,100619,1321200000, 51369,602393, 50683,  9132
475, 05-17 22:22:56,1, 32680, 26530,100617,1330300032, 51473,602574, 50734,  9821
476, 05-17 22:22:57,1, 32680, 26525,100619,1325100032, 51825,603189, 50912, 12168
477, 05-17 22:22:58,1, 32689, 26499,100615,1327699968, 52006,603505, 51003, 13373
478, 05-17 22:22:59,1, 32689, 26505,100617,1332800000, 51910,603337, 50954, 12734
479, 05-17 22:23:00,1, 32689, 26499,100617,1351299968, 50908,601587, 50451,  6057
480, 05-17 22:23:01,1, 32689, 26489,100615,1331500032, 51008,601761, 50501,  6721
481, 05-17 22:23:02,1, 32700, 26485,100615,1332800000, 51030,601800, 50512,  6868
482, 05-17 22:23:03,1, 32700, 26469,100615,1332800000, 51051,601837, 50523,  7011
483, 05-17 22:23:04,1, 32700, 26463,100621,1352700032, 50084,600148, 50042,   565
484, 05-17 22:23:05,1, 32700, 26447,100617,1331500032, 50284,600497, 50141,  1899
485, 05-17 22:23:06,1, 32700, 26441,100619,1325100032, 50783,601368, 50389,  5220
486, 05-17 22:23:07,1, 32710, 26447,100615,1338099968, 50571,600998, 50283,  3808
487, 05-17 22:23:08,1, 32700, 26420,100617,1350000000, 50000,600000, 49999,     0
488, 05-17 22:23:09,1, 32700, 26436,100617,1354000000, 50000,600000, 49999, -3788
489, 05-17 22:23:10,1, 32710, 26436,100619,1331500032, 50000,600000, 49999,     0
490, 05-17 22:23:11,1, 32700, 26431,100613,1326400000, 50511,600893, 50253,  3409
491, 05-17 22:23:12,1, 32710, 26415,100617,1335500032, 50548,600958, 50272,  3655
492, 05-17 22:23:13,1, 32700, 26431,100613,1339399936, 50386,600675, 50191,  2578
493, 05-17 22:23:14,1, 32710, 26420,100617,1356700032, 50000,600000, 49999, -1776
494, 05-17 22:23:15,1, 32720, 26421,100617,1346000000, 50000,600000, 49999, -2214
495, 05-17 22:23:16,1, 32710, 26425,100617,1330300032, 50083,600145, 50041,   556
496, 05-17 22:23:17,1, 32720, 26411,100617,1326400000, 50693,601212, 50344,  4625
497, 05-17 22:23:18,1, 32700, 26399,100617,1356700032, 50000,600000, 49999,     0
498, 05-17 22:23:19,1, 32710, 26415,100617,1368899968, 50000,600000, 49999, -7631
499, 05-17 22:23:20,1, 32720, 26400,100617,1354000000, 50000,600000, 49999, -9353
500, 05-17 22:23:21,1, 32720, 26405,100613,1358000000, 50000,600000, 49999,-11951
501, 05-17 22:23:22,1, 32720, 26405,100615,1332800000, 50000,600000, 49999, -5707
502, 05-17 22:23:23,1, 32720, 26395,100617,1326400000, 50000,600000, 49999,     0
503, 05-17 22:23:24,1, 32720, 26416,100617,1331500032, 50530,600927, 50263,  3537
504, 05-17 22:23:25,1, 32720, 26411,100619,1350000000, 50081,600143, 50040,   546
505, 05-17 22:23:26,1, 32720, 26411,100617,1326400000, 50860,601503, 50428,  5737
506, 05-17 22:23:27,1, 32720, 26428,100619,1330300032, 51350,602360, 50673,  9004
507, 05-17 22:23:28,1, 32720, 26416,100619,1334200064, 51589,602776, 50793, 10593
508, 05-17 22:23:29,1, 32720, 26416,100615,1340700032, 51476,602580, 50736,  9845
509, 05-17 22:23:30,1, 32720, 26433,100617,1358000000, 50522,600913, 50259,  3483
510, 05-17 22:23:31,1, 32720, 26428,100621,1335500032, 50793,601386, 50394,  5289
511, 05-17 22:23:32,1, 32720, 26438,100619,1359399936, 50000,600000, 49999,     0
512, 05-17 22:23:33,1, 32720, 26459,100617,1336800000, 50258,600451, 50128,  1722
513, 05-17 22:23:34,1, 32720, 26475,100617,1366200064, 50000,600000, 49999, -3995
514, 05-17 22:23:35,1, 32720, 26498,100617,1335500032, 50000,600000, 49999,     0
515, 05-17 22:23:36,1, 32730, 26519,100617,1335500032, 50360,600630, 50179,  2406
516, 05-17 22:23:37,1, 32730, 26540,100617,1338099968, 50576,601007, 50286,  3842
517, 05-17 22:23:38,1, 32740, 26558,100617,1332800000, 51025,601792, 50510,  6839
518, 05-17 22:23:39,1, 32730, 26568,100615,1336800000, 51222,602135, 50608,  8148
519, 05-17 22:23:40,1, 32740, 26607,100619,1323800064, 52039,603563, 51020, 13595
520, 05-17 22:23:41,1, 32740, 26613,100615,1336800000, 52107,603681, 51054, 14047
521, 05-17 22:23:42,1, 32740, 26634,100617,1352700032, 51375,602403, 50685,  9171
522, 05-17 22:23:43,1, 32750, 26658,100619,1335500032, 51576,602754, 50786, 10510
523, 05-17 22:23:44,1, 32750, 26658,100617,1335500032, 51751,603060, 50874, 11676
524, 05-17 22:23:45,1, 32759, 26648,100617,1335500032, 51902,603324, 50951, 12684
525, 05-17 22:23:46,1, 32759, 26648,100619,1338099968, 51904,603327, 50951, 12694
526, 05-17 22:23:47,1, 32759, 26632,100615,1342000000, 51710,602989, 50854, 11405
527, 05-17 22:23:48,1, 32750, 26636,100617,1339399936, 51668,602915, 50833, 11125
528, 05-17 22:23:49,1, 32750, 26642,100617,1338099968, 51693,602958, 50845, 11287
529, 05-17 22:23:50,1, 32759, 26622,100617,1359399936, 50661,601155, 50328,  4408
530, 05-17 22:23:51,1, 32759, 26616,100615,1340700032, 50672,601174, 50334,  4482
531, 05-17 22:23:52,1, 32759, 26589,100615,1340700032, 50682,601192, 50339,  4551
532, 05-17 22:23:53,1, 32759, 26594,100619,1339399936, 50753,601316, 50374,  5023
533, 05-17 22:23:54,1, 32759, 26557,100615,1326400000, 51468,602566, 50732,  9791
534, 05-17 22:23:55,1, 32759, 26552,100617,1336800000, 51577,602757, 50787, 10519
535, 05-17 22:23:56,1, 32759, 26545,100619,1338099968, 51609,602812, 50803, 10731
536, 05-17 22:23:57,1, 32770, 26519,100617,1335500032, 51766,603087, 50882, 11779
537, 05-17 22:23:58,1, 32759, 26497,100619,1343299968, 51520,602656, 50758, 10136
538, 05-17 22:23:59,1, 32759, 26475,100615,1339399936, 51498,602617, 50747,  9988
539, 05-17 22:24:00,1, 32759, 26454,100617,1340700032, 51414,602472, 50705,  9432
540, 05-17 22:24:01,1, 32770, 26448,100619,1363500032, 50218,600381, 50108,  1456
541, 05-17 22:24:02,1, 32759, 26438,100619,1366200064, 50000,600000, 49999, -4167
542, 05-17 22:24:03,1, 32770, 26433,100615,1359399936, 50000,600000, 49999, -7011
543, 05-17 22:24:04,1, 32770, 26421,100615,1342000000, 50000,600000, 49999, -3567
544, 05-17 22:24:05,1, 32770, 26394,100617,1346000000, 50000,600000, 49999, -1608
545, 05-17 22:24:06,1, 32770, 26400,100613,1340700032, 50000,600000, 49999,     0
546, 05-17 22:24:07,1, 32770, 26389,100613,1359399936, 50000,600000, 49999, -2312
547, 05-17 22:24:08,1, 32770, 26384,100617,1338099968, 50046,600081, 50023,   309
548, 05-17 22:24:09,1, 32770, 26367,100615,1343299968, 50185,600324, 50092,  1239
549, 05-17 22:24:10,1, 32770, 26373,100615,1335500032, 50696,601217, 50346,  4644
550, 05-17 22:24:11,1, 32780, 26352,100613,1366200064, 50000,600000, 49999,  -157
551, 05-17 22:24:12,1, 32790, 26342,100617,1364800000, 50000,600000, 49999, -4029
552, 05-17 22:24:13,1, 32780, 26364,100611,1364800000, 50000,600000, 49999, -7223
553, 05-17 22:24:14,1, 32770, 26351,100617,1346000000, 50000,600000, 49999, -3631
554, 05-17 22:24:15,1, 32780, 26336,100615,1340700032, 50000,600000, 49999,     0
555, 05-17 22:24:16,1, 32770, 26335,100617,1338099968, 50541,600945, 50268,  3606
556, 05-17 22:24:17,1, 32780, 26331,100621,1342000000, 50840,601468, 50418,  5604
557, 05-17 22:24:18,1, 32780, 26347,100613,1356700032, 50377,600659, 50187,  2514
558, 05-17 22:24:19,1, 32780, 26331,100613,1342000000, 50696,601217, 50346,  4644
559, 05-17 22:24:20,1, 32780, 26331,100619,1336800000, 51238,602164, 50617,  8256
560, 05-17 22:24:21,1, 32780, 26347,100621,1339399936, 51585,602770, 50791, 10569
561, 05-17 22:24:22,1, 32780, 26331,100621,1346000000, 51566,602736, 50781, 10441
562, 05-17 22:24:23,1, 32780, 26331,100621,1339399936, 51876,603279, 50938, 12512
563, 05-17 22:24:24,1, 32780, 26320,100619,1360700032, 51101,601925, 50548,  7346
564, 05-17 22:24:25,1, 32780, 26326,100619,1348600064, 51013,601770, 50504,  6755
565, 05-17 22:24:26,1, 32780, 26320,100613,1336800000, 51521,602659, 50759, 10145
566, 05-17 22:24:27,1, 32780, 26320,100619,1373100032, 50185,600324, 50092,  1239
567, 05-17 22:24:28,1, 32770, 26324,100615,1348600064, 50209,600366, 50103,  1397
568, 05-17 22:24:29,1, 32790, 26352,100619,1340700032, 50616,601076, 50306,  4108
569, 05-17 22:24:30,1, 32780, 26347,100615,1363500032, 50000,600000, 49999,     0
570, 05-17 22:24:31,1, 32780, 26364,100617,1351299968, 50000,600000, 49999,     0
571, 05-17 22:24:32,1, 32790, 26369,100619,1335500032, 50700,601223, 50348,  4669
572, 05-17 22:24:33,1, 32790, 26369,100619,1335500032, 51331,602326, 50663,  8876
573, 05-17 22:24:34,1, 32790, 26380,100621,1356700032, 50837,601463, 50416,  5584
574, 05-17 22:24:35,1, 32790, 26390,100619,1343299968, 51063,601858, 50529,  7090
575, 05-17 22:24:36,1, 32790, 26406,100617,1355299968, 50667,601165, 50331,  4448
576, 05-17 22:24:37,1, 32790, 26423,100621,1343299968, 50908,601587, 50451,  6057
577, 05-17 22:24:38,1, 32790, 26439,100621,1377200000, 50000,600000, 49999, -1328
578, 05-17 22:24:39,1, 32780, 26466,100621,1364800000, 50000,600000, 49999, -3926
579, 05-17 22:24:40,1, 32790, 26483,100619,1351299968, 50000,600000, 49999, -1604
580, 05-17 22:24:41,1, 32800, 26524,100617,1343299968, 50146,600256, 50072,   979
581, 05-17 22:24:42,1, 32800, 26545,100617,1356700032, 50000,600000, 49999,     0
582, 05-17 22:24:43,1, 32800, 26556,100617,1336800000, 50718,601256, 50357,  4792
583, 05-17 22:24:44,1, 32800, 26578,100619,1342000000, 51107,601935, 50551,  7385
584, 05-17 22:24:45,1, 32800, 26588,100619,1364800000, 50326,600570, 50161,  2174
585, 05-17 22:24:46,1, 32800, 26616,100617,1359399936, 50000,600000, 49999,     0
586, 05-17 22:24:47,1, 32810, 26612,100619,1340700032, 50523,600914, 50259,  3488
587, 05-17 22:24:48,1, 32800, 26616,100615,1340700032, 50998,601744, 50497,  6657
588, 05-17 22:24:49,1, 32800, 26637,100615,1360700032, 50425,600744, 50211,  2839
589, 05-17 22:24:50,1, 32790, 26612,100615,1352700032, 50315,600550, 50156,  2101
590, 05-17 22:24:51,1, 32800, 26632,100619,1370300032, 50000,600000, 49999, -2046
591, 05-17 22:24:52,1, 32790, 26618,100619,1368899968, 50000,600000, 49999, -5338
592, 05-17 22:24:53,1, 32800, 26621,100617,1347299968, 50000,600000, 49999,  -974
593, 05-17 22:24:54,1, 32800, 26621,100617,1347299968, 50119,600208, 50059,   797
594, 05-17 22:24:55,1, 32800, 26599,100621,1359399936, 50000,600000, 49999,     0
595, 05-17 22:24:56,1, 32800, 26583,100621,1351299968, 50091,600159, 50045,   610
596, 05-17 22:24:57,1, 32790, 26558,100617,1371699968, 50000,600000, 49999, -3030
597, 05-17 22:24:58,1, 32800, 26550,100621,1344700032, 50029,600051, 50014,   196
598, 05-17 22:24:59,1, 32800, 26518,100617,1350000000, 50244,600426, 50121,  1628
599, 05-17 22:25:00,1, 32790, 26525,100619,1347299968, 50567,600991, 50281,  3783
600, 05-17 22:25:01,1, 32800, 26508,100619,1358000000, 50324,600567, 50161,  2164
601, 05-17 22:25:02,1, 32790, 26477,100619,1356700032, 50177,600309, 50087,  1180
602, 05-17 22:25:03,1, 32800, 26464,100617,1350000000, 50376,600657, 50186,  2509
603, 05-17 22:25:04,1, 32800, 26459,100617,1350000000, 50552,600965, 50274,  3685
604, 05-17 22:25:05,1, 32800, 26431,100617,1344700032, 50972,601699, 50484,  6485
605, 05-17 22:25:06,1, 32800, 26415,100617,1360700032, 50555,600971, 50275,  3705
606, 05-17 22:25:07,1, 32800, 26410,100617,1352700032, 50581,601016, 50288,  3877
607, 05-17 22:25:08,1, 32790, 26390,100619,1348600064, 50810,601416, 50402,  5402
608, 05-17 22:25:09,1, 32800, 26383,100617,1354000000, 50746,601303, 50370,  4974
609, 05-17 22:25:10,1, 32800, 26383,100619,1346000000, 51084,601894, 50539,  7228
610, 05-17 22:25:11,1, 32790, 26369,100617,1344700032, 51449,602532, 50723,  9663
611, 05-17 22:25:12,1, 32800, 26356,100617,1375800064, 50248,600434, 50123,  1658
612, 05-17 22:25:13,1, 32800, 26340,100619,1350000000, 50453,600793, 50225,  3026
613, 05-17 22:25:14,1, 32800, 26351,100617,1374400000, 50000,600000, 49999, -1451
614, 05-17 22:25:15,1, 32800, 26340,100619,1351299968, 50000,600000, 49999,     0
615, 05-17 22:25:16,1, 32790, 26347,100619,1356700032, 50000,600000, 49999,     0
616, 05-17 22:25:17,1, 32800, 26345,100617,1380000000, 50000,600000, 49999, -5668
617, 05-17 22:25:18,1, 32800, 26324,100619,1358000000, 50000,600000, 49999, -3552
618, 05-17 22:25:19,1, 32800, 26340,100615,1370300032, 50000,600000, 49999, -5466
619, 05-17 22:25:20,1, 32810, 26336,100617,1356700032, 50000,600000, 49999, -2499
620, 05-17 22:25:21,1, 32800, 26329,100617,1355299968, 50000,600000, 49999,     0
621, 05-17 22:25:22,1, 32800, 26334,100617,1363500032, 50000,600000, 49999,     0
622, 05-17 22:25:23,1, 32810, 26336,100619,1350000000, 50431,600753, 50213,  2873
623, 05-17 22:25:24,1, 32800, 26340,100621,1378599936, 50000,600000, 49999, -1377
624, 05-17 22:25:25,1, 32800, 26340,100621,1359399936, 50000,600000, 49999,     0
625, 05-17 22:25:26,1, 32800, 26372,100619,1374400000, 50000,600000, 49999, -2396
626, 05-17 22:25:28,1, 32800, 26383,100619,1352700032, 50053,600094, 50026,   359
627, 05-17 22:25:29,1, 32800, 26378,100617,1344700032, 50863,601508, 50429,  5756
628, 05-17 22:25:30,1, 32810, 26379,100619,1387000064, 50000,600000, 49999,  -979
629, 05-17 22:25:31,1, 32810, 26411,100619,1374400000, 50000,600000, 49999, -2976
630, 05-17 22:25:32,1, 32810, 26439,100621,1373100032, 50000,600000, 49999, -4108
631, 05-17 22:25:33,1, 32810, 26455,100621,1346000000, 50251,600439, 50124,  1677
632, 05-17 22:25:34,1, 32810, 26455,100621,1364800000, 50140,600245, 50069,   934
633, 05-17 22:25:35,1, 32800, 26485,100617,1367600000, 50000,600000, 49999,     0
634, 05-17 22:25:36,1, 32810, 26493,100619,1370300032, 50000,600000, 49999,  -108
635, 05-17 22:25:37,1, 32800, 26534,100617,1355299968, 50356,600622, 50176,  2376
636, 05-17 22:25:38,1, 32810, 26530,100617,1352700032, 50859,601501, 50427,  5727
637, 05-17 22:25:39,1, 32810, 26563,100619,1374400000, 50236,600412, 50117,  1574
638, 05-17 22:25:40,1, 32810, 26573,100617,1354000000, 50681,601191, 50338,  4546
639, 05-17 22:25:41,1, 32810, 26579,100617,1358000000, 50876,601532, 50436,  5845
640, 05-17 22:25:42,1, 32820, 26595,100619,1368899968, 50509,600889, 50252,  3395
641, 05-17 22:25:43,1, 32810, 26600,100619,1360700032, 50585,601022, 50290,  3901
642, 05-17 22:25:44,1, 32820, 26605,100619,1351299968, 51110,601940, 50553,  7405
643, 05-17 22:25:45,1, 32820, 26628,100619,1358000000, 51239,602166, 50617,  8266
644, 05-17 22:25:46,1, 32820, 26638,100617,1348600064, 51813,603168, 50906, 12089
645, 05-17 22:25:47,1, 32820, 26638,100619,1356700032, 51918,603351, 50959, 12788
646, 05-17 22:25:48,1, 32820, 26638,100619,1351299968, 52274,603974, 51139, 15164
647, 05-17 22:25:49,1, 32830, 26651,100619,1351299968, 52583,604513, 51295, 17221
648, 05-17 22:25:50,1, 32830, 26645,100619,1382800000, 51317,602302, 50656,  8782
649, 05-17 22:25:51,1, 32830, 26645,100619,1356700032, 51469,602567, 50733,  9796
650, 05-17 22:25:52,1, 32830, 26645,100619,1370300032, 50935,601635, 50465,  6239
651, 05-17 22:25:53,1, 32830, 26640,100619,1360700032, 50931,601627, 50463,  6209
652, 05-17 22:25:54,1, 32830, 26624,100621,1354000000, 51256,602196, 50626,  8379
653, 05-17 22:25:55,1, 32830, 26608,100619,1384199936, 50071,600125, 50035,   477
654, 05-17 22:25:56,1, 32830, 26592,100619,1387000064, 50000,600000, 49999, -5107
655, 05-17 22:25:57,1, 32830, 26580,100619,1346000000, 50138,600242, 50068,   925
656, 05-17 22:25:58,1, 32830, 26559,100617,1374400000, 50000,600000, 49999,  -428
657, 05-17 22:25:59,1, 32830, 26548,100617,1355299968, 50332,600581, 50165,  2219
658, 05-17 22:26:00,1, 32830, 26548,100617,1355299968, 50729,601275, 50362,  4866
659, 05-17 22:26:01,1, 32830, 26521,100617,1364800000, 50616,601076, 50306,  4108
660, 05-17 22:26:02,1, 32830, 26521,100617,1388400000, 50000,600000, 49999, -1904
661, 05-17 22:26:03,1, 32830, 26500,100619,1380000000, 50000,600000, 49999, -4600
662, 05-17 22:26:04,1, 32830, 26489,100619,1389799936, 50000,600000, 49999, -9899
663, 05-17 22:26:05,1, 32820, 26465,100619,1389799936, 50000,600000, 49999,-14318
664, 05-17 22:26:06,1, 32830, 26445,100617,1359399936, 50000,600000, 49999, -8158
665, 05-17 22:26:07,1, 32830, 26451,100619,1377200000, 50000,600000, 49999, -8281
666, 05-17 22:26:08,1, 32830, 26429,100615,1354000000, 50000,600000, 49999,  -600
667, 05-17 22:26:09,1, 32830, 26424,100619,1351299968, 50752,601314, 50373,  5013
668, 05-17 22:26:10,1, 32830, 26407,100617,1352700032, 51475,602578, 50736,  9835
669, 05-17 22:26:11,1, 32830, 26391,100619,1375800064, 50985,601721, 50490,  6568
670, 05-17 22:26:12,1, 32830, 26370,100617,1384199936, 50149,600261, 50074,   998
671, 05-17 22:26:13,1, 32840, 26353,100615,1378599936, 50000,600000, 49999,     0
672, 05-17 22:26:14,1, 32840, 26337,100619,1370300032, 50000,600000, 49999,     0
673, 05-17 22:26:15,1, 32830, 26353,100619,1364800000, 50255,600446, 50126,  1702
674, 05-17 22:26:16,1, 32830, 26332,100617,1381400064, 50000,600000, 49999,     0
675, 05-17 22:26:17,1, 32840, 26332,100619,1382800000, 50000,600000, 49999, -1864
676, 05-17 22:26:18,1, 32830, 26316,100615,1354000000, 50569,600995, 50282,  3798
677, 05-17 22:26:19,1, 32840, 26326,100617,1382800000, 50000,600000, 49999,     0
678, 05-17 22:26:20,1, 32840, 26311,100619,1378599936, 50000,600000, 49999,     0
679, 05-17 22:26:21,1, 32840, 26321,100621,1371699968, 50000,600000, 49999,     0
680, 05-17 22:26:22,1, 32840, 26326,100619,1351299968, 51035,601809, 50515,  6903
681, 05-17 22:26:23,1, 32840, 26326,100619,1374400000, 50820,601434, 50408,  5471
682, 05-17 22:26:24,1, 32840, 26326,100615,1354000000, 51629,602847, 50813, 10864
683, 05-17 22:26:25,1, 32830, 26332,100615,1380000000, 51075,601878, 50535,  7169
684, 05-17 22:26:26,1, 32840, 26342,100619,1388400000, 50180,600316, 50089,  1205
685, 05-17 22:26:27,1, 32830, 26348,100619,1367600000, 50400,600699, 50198,  2666
686, 05-17 22:26:28,1, 32830, 26386,100617,1362099968, 50859,601501, 50427,  5727
687, 05-17 22:26:29,1, 32830, 26381,100617,1384199936, 50191,600334, 50094,  1274
688, 05-17 22:26:30,1, 32840, 26381,100617,1362099968, 50674,601178, 50335,  4497
689, 05-17 22:26:31,1, 32840, 26391,100617,1385600000, 50000,600000, 49999,     0
690, 05-17 22:26:32,1, 32840, 26419,100617,1395500032, 50000,600000, 49999, -5151
691, 05-17 22:26:33,1, 32840, 26407,100621,1375800064, 50000,600000, 49999, -3419
692, 05-17 22:26:34,1, 32840, 26445,100621,1354000000, 50468,600818, 50232,  3124
693, 05-17 22:26:35,1, 32840, 26456,100619,1378599936, 50180,600316, 50089,  1205
694, 05-17 22:26:36,1, 32840, 26473,100621,1374400000, 50127,600223, 50063,   851
695, 05-17 22:26:37,1, 32840, 26484,100613,1367600000, 50409,600715, 50203,  2730
696, 05-17 22:26:38,1, 32840, 26489,100615,1382800000, 50000,600000, 49999,     0
697, 05-17 22:26:39,1, 32840, 26515,100617,1356700032, 50823,601439, 50409,  5491
698, 05-17 22:26:40,1, 32850, 26491,100619,1381400064, 50357,600624, 50177,  2381
699, 05-17 22:26:41,1, 32840, 26521,100619,1375800064, 50214,600374, 50106,  1426
700, 05-17 22:26:42,1, 32840, 26521,100617,1381400064, 50000,600000, 49999,     0
701, 05-17 22:26:43,1, 32850, 26551,100617,1398400000, 50000,600000, 49999, -5727
702, 05-17 22:26:44,1, 32850, 26535,100617,1364800000, 50000,600000, 49999,     0
703, 05-17 22:26:45,1, 32850, 26568,100619,1382800000, 50000,600000, 49999,  -457
704, 05-17 22:26:46,1, 32850, 26568,100617,1362099968, 50563,600985, 50280,  3759
705, 05-17 22:26:47,1, 32850, 26568,100617,1356700032, 51433,602504, 50714,  9555
706, 05-17 22:26:48,1, 32850, 26584,100617,1373100032, 51395,602438, 50695,  9304
707, 05-17 22:26:49,1, 32850, 26589,100615,1358000000, 52097,603665, 51049, 13983
708, 05-17 22:26:50,1, 32860, 26610,100619,1364800000, 52378,604155, 51191, 15853
709, 05-17 22:26:51,1, 32860, 26610,100621,1362099968, 52755,604815, 51383, 18372
710, 05-17 22:26:52,1, 32860, 26617,100615,1371699968, 52617,604574, 51313, 17452
711, 05-17 22:26:53,1, 32860, 26627,100617,1387000064, 51752,603062, 50875, 11685
712, 05-17 22:26:54,1, 32850, 26627,100613,1388400000, 50921,601609, 50458,  6140
713, 05-17 22:26:55,1, 32860, 26617,100615,1388400000, 50185,600324, 50092,  1239
714, 05-17 22:26:56,1, 32850, 26605,100619,1370300032, 50413,600722, 50205,  2755
715, 05-17 22:26:57,1, 32850, 26600,100619,1377200000, 50276,600483, 50137,  1845
716, 05-17 22:26:58,1, 32840, 26597,100617,1384199936, 50000,600000, 49999,     0
717, 05-17 22:26:59,1, 32850, 26584,100617,1377200000, 50000,600000, 49999,     0
718, 05-17 22:27:00,1, 32850, 26573,100617,1363500032, 50591,601034, 50294,  3946
719, 05-17 22:27:01,1, 32850, 26557,100617,1374400000, 50597,601043, 50296,  3980
720, 05-17 22:27:02,1, 32850, 26551,100619,1359399936, 51332,602327, 50664,  8881
721, 05-17 22:27:03,1, 32850, 26540,100619,1391299968, 50433,600758, 50215,  2893
722, 05-17 22:27:04,1, 32850, 26540,100617,1367600000, 50786,601374, 50391,  5245
723, 05-17 22:27:05,1, 32850, 26535,100617,1354000000, 51763,603082, 50881, 11759
724, 05-17 22:27:06,1, 32840, 26526,100617,1391299968, 50814,601423, 50405,  5432
725, 05-17 22:27:07,1, 32840, 26515,100617,1377200000, 50657,601149, 50326,  4384
726, 05-17 22:27:08,1, 32850, 26535,100621,1360700032, 51319,602305, 50657,  8797
727, 05-17 22:27:09,1, 32830, 26510,100621,1363500032, 51771,603095, 50884, 11808
728, 05-17 22:27:10,1, 32840, 26505,100621,1374400000, 51636,602859, 50816, 10908
729, 05-17 22:27:11,1, 32850, 26514,100619,1366200064, 51913,603344, 50956, 12758
730, 05-17 22:27:12,1, 32850, 26503,100619,1367600000, 52091,603654, 51046, 13944
731, 05-17 22:27:13,1, 32840, 26494,100621,1362099968, 52519,604401, 51263, 16793
732, 05-17 22:27:14,1, 32840, 26467,100621,1362099968, 52897,605063, 51455, 19317
733, 05-17 22:27:15,1, 32840, 26456,100619,1360700032, 53302,605769, 51662, 22013
734, 05-17 22:27:16,1, 32850, 26454,100619,1378599936, 52785,604867, 51398, 18569
735, 05-17 22:27:17,1, 32840, 26429,100617,1370300032, 52736,604781, 51373, 18244
736, 05-17 22:27:18,1, 32840, 26424,100617,1362099968, 53094,605407, 51556, 20631
737, 05-17 22:27:19,1, 32840, 26391,100621,1364800000, 53282,605736, 51652, 21885
738, 05-17 22:27:20,1, 32840, 26391,100621,1380000000, 52710,604735, 51360, 18067
739, 05-17 22:27:21,1, 32840, 26381,100617,1384199936, 52003,603501, 51002, 13358
740, 05-17 22:27:22,1, 32840, 26386,100619,1389799936, 51112,601943, 50553,  7415
741, 05-17 22:27:23,1, 32850, 26373,100621,1391299968, 50253,600442, 50125,  1687
742, 05-17 22:27:24,1, 32840, 26375,100621,1371699968, 50445,600777, 50220,  2967
743, 05-17 22:27:25,1, 32840, 26381,100621,1392700032, 50000,600000, 49999,  -378
744, 05-17 22:27:26,1, 32850, 26362,100619,1388400000, 50000,600000, 49999, -2037
745, 05-17 22:27:27,1, 32840, 26386,100615,1389799936, 50000,600000, 49999, -3724
746, 05-17 22:27:28,1, 32840, 26381,100613,1392700032, 50000,600000, 49999, -5904
747, 05-17 22:27:29,1, 32840, 26381,100619,1368899968, 50000,600000, 49999,     0
748, 05-17 22:27:30,1, 32840, 26396,100621,1367600000, 50546,600954, 50271,  3641
749, 05-17 22:27:31,1, 32840, 26413,100621,1360700032, 51411,602465, 50703,  9407
750, 05-17 22:27:32,1, 32840, 26419,100623,1408499968, 50000,600000, 49999,     0
751, 05-17 22:27:33,1, 32830, 26429,100619,1389799936, 50000,600000, 49999,  -964
752, 05-17 22:27:34,1, 32840, 26424,100617,1378599936, 50000,600000, 49999,     0
753, 05-17 22:27:35,1, 32840, 26435,100621,1371699968, 50436,600762, 50216,  2907
754, 05-17 22:27:36,1, 32840, 26440,100619,1394099968, 50000,600000, 49999,     0
755, 05-17 22:27:37,1, 32840, 26456,100617,1377200000, 50166,600291, 50082,  1112
756, 05-17 22:27:38,1, 32840, 26461,100623,1388400000, 50000,600000, 49999,     0
757, 05-17 22:27:39,1, 32840, 26456,100621,1370300032, 50529,600924, 50262,  3527
758, 05-17 22:27:40,1, 32850, 26444,100619,1368899968, 51090,601906, 50543,  7272
759, 05-17 22:27:41,1, 32840, 26440,100619,1362099968, 51920,603355, 50960, 12802
760, 05-17 22:27:42,1, 32850, 26444,100621,1367600000, 52380,604160, 51193, 15873
761, 05-17 22:27:43,1, 32850, 26438,100621,1363500032, 52988,605221, 51502, 19922
762, 05-17 22:27:44,1, 32850, 26449,100617,1375800064, 52924,605109, 51469, 19494
763, 05-17 22:27:45,1, 32860, 26444,100619,1373100032, 52997,605237, 51506, 19981
764, 05-17 22:27:46,1, 32860, 26444,100617,1398400000, 51842,603220, 50921, 12286
765, 05-17 22:27:47,1, 32860, 26459,100617,1380000000, 51706,602981, 50852, 11375
766, 05-17 22:27:48,1, 32860, 26459,100619,1392700032, 50975,601704, 50485,  6504
767, 05-17 22:27:49,1, 32860, 26465,100621,1374400000, 51211,602116, 50603,  8074
768, 05-17 22:27:50,1, 32860, 26465,100619,1388400000, 50743,601298, 50369,  4954
769, 05-17 22:27:51,1, 32870, 26461,100619,1394099968, 50055,600096, 50027,   369
770, 05-17 22:27:52,1, 32860, 26454,100623,1370300032, 50599,601047, 50297,  3995
771, 05-17 22:27:53,1, 32870, 26461,100621,1385600000, 50335,600586, 50166,  2238
772, 05-17 22:27:54,1, 32870, 26483,100621,1378599936, 50437,600764, 50217,  2917
773, 05-17 22:27:55,1, 32870, 26489,100617,1362099968, 51330,602325, 50663,  8871
774, 05-17 22:27:56,1, 32860, 26503,100619,1370300032, 51717,603001, 50857, 11449
775, 05-17 22:27:57,1, 32860, 26503,100621,1392700032, 50975,601704, 50485,  6504
776, 05-17 22:27:58,1, 32880, 26499,100619,1364800000, 51668,602914, 50832, 11120
777, 05-17 22:27:59,1, 32870, 26489,100619,1373100032, 51876,603278, 50937, 12507
778, 05-17 22:28:00,1, 32880, 26515,100617,1370300032, 52190,603827, 51096, 14603
779, 05-17 22:28:01,1, 32870, 26494,100619,1389799936, 51528,602670, 50762, 10190
780, 05-17 22:28:02,1, 32870, 26494,100621,1399800064, 50464,600812, 50230,  3099
781, 05-17 22:28:03,1, 32880, 26489,100621,1388400000, 50070,600122, 50034,   467
782, 05-17 22:28:04,1, 32870, 26494,100621,1402700032, 50000,600000, 49999, -4128
783, 05-17 22:28:05,1, 32870, 26483,100619,1374400000, 50000,600000, 49999,     0
784, 05-17 22:28:06,1, 32880, 26461,100617,1373100032, 50425,600744, 50211,  2839
785, 05-17 22:28:07,1, 32880, 26450,100619,1374400000, 50768,601342, 50381,  5122
786, 05-17 22:28:08,1, 32880, 26440,100617,1394099968, 50123,600215, 50061,   821
787, 05-17 22:28:09,1, 32880, 26429,100619,1399800064, 50000,600000, 49999, -2509
788, 05-17 22:28:10,1, 32880, 26412,100621,1380000000, 50000,600000, 49999,     0
789, 05-17 22:28:11,1, 32870, 26412,100617,1399800064, 50000,600000, 49999, -3045
790, 05-17 22:28:12,1, 32870, 26396,100617,1378599936, 50000,600000, 49999,     0
791, 05-17 22:28:13,1, 32880, 26380,100619,1368899968, 50751,601312, 50373,  5008
792, 05-17 22:28:14,1, 32880, 26380,100619,1370300032, 51369,602392, 50682,  9127
793, 05-17 22:28:15,1, 32880, 26375,100621,1391299968, 50898,601570, 50447,  5993
794, 05-17 22:28:16,1, 32880, 26375,100619,1392700032, 50418,600731, 50207,  2789
795, 05-17 22:28:17,1, 32880, 26370,100621,1392700032, 50000,600000, 49999,     0
796, 05-17 22:28:18,1, 32870, 26380,100621,1370300032, 50709,601239, 50352,  4728
797, 05-17 22:28:19,1, 32870, 26375,100617,1371699968, 51267,602214, 50631,  8448
798, 05-17 22:28:20,1, 32870, 26375,100617,1396899968, 50546,600954, 50271,  3641
799, 05-17 22:28:21,1, 32880, 26385,100621,1370300032, 51190,602080, 50593,  7936
800, 05-17 22:28:22,1, 32880, 26391,100619,1394099968, 50608,601063, 50302,  4059
801, 05-17 22:28:23,1, 32880, 26401,100619,1367600000, 51377,602406, 50686,  9181
802, 05-17 22:28:24,1, 32880, 26391,100619,1398400000, 50568,600993, 50282,  3788
803, 05-17 22:28:25,1, 32880, 26401,100619,1407000064, 50000,600000, 49999, -1412
804, 05-17 22:28:26,1, 32880, 26401,100621,1394099968, 50000,600000, 49999, -2002
805, 05-17 22:28:27,1, 32890, 26392,100623,1368899968, 50531,600928, 50263,  3542
806, 05-17 22:28:28,1, 32880, 26412,100621,1370300032, 51243,602173, 50619,  8290
807, 05-17 22:28:29,1, 32880, 26412,100625,1392700032, 50788,601378, 50392,  5259
808, 05-17 22:28:30,1, 32880, 26418,100623,1384199936, 50796,601391, 50395,  5309
809, 05-17 22:28:31,1, 32880, 26434,100617,1381400064, 50936,601636, 50466,  6244
810, 05-17 22:28:32,1, 32880, 26434,100619,1391299968, 50583,601020, 50289,  3892
811, 05-17 22:28:33,1, 32890, 26436,100621,1391299968, 50269,600470, 50133,  1795
812, 05-17 22:28:34,1, 32880, 26440,100625,1359399936, 51542,602695, 50769, 10283
813, 05-17 22:28:35,1, 32880, 26434,100623,1367600000, 52262,603954, 51133, 15085
814, 05-17 22:28:36,1, 32880, 26424,100621,1384199936, 52093,603658, 51047, 13959
815, 05-17 22:28:37,1, 32880, 26412,100619,1384199936, 51947,603402, 50973, 12980
816, 05-17 22:28:38,1, 32880, 26407,100617,1396899968, 51207,602109, 50601,  8049
817, 05-17 22:28:39,1, 32880, 26396,100619,1395500032, 50622,601088, 50309,  4152
818, 05-17 22:28:40,1, 32890, 26404,100621,1375800064, 51054,601842, 50525,  7031
819, 05-17 22:28:41,1, 32890, 26404,100621,1370300032, 51701,602973, 50850, 11346
820, 05-17 22:28:42,1, 32890, 26382,100621,1405600000, 50577,601008, 50286,  3847
821, 05-17 22:28:43,1, 32890, 26376,100619,1375800064, 51016,601775, 50505,  6775
822, 05-17 22:28:44,1, 32890, 26376,100619,1387000064, 50863,601508, 50429,  5756
823, 05-17 22:28:45,1, 32890, 26344,100619,1392700032, 50457,600799, 50227,  3050
824, 05-17 22:28:46,1, 32890, 26333,100619,1392700032, 50100,600175, 50049,   669
825, 05-17 22:28:47,1, 32890, 26338,100621,1389799936, 50000,600000, 49999,     0
826, 05-17 22:28:48,1, 32890, 26350,100621,1373100032, 50639,601118, 50317,  4265
827, 05-17 22:28:49,1, 32900, 26346,100621,1378599936, 50946,601654, 50471,  6312
828, 05-17 22:28:50,1, 32890, 26338,100619,1382800000, 51017,601778, 50506,  6785
829, 05-17 22:28:51,1, 32890, 26376,100615,1375800064, 51415,602473, 50706,  9437
830, 05-17 22:28:52,1, 32890, 26382,100621,1375800064, 51766,603086, 50882, 11774
831, 05-17 22:28:53,1, 32890, 26409,100623,1399800064, 50918,601604, 50456,  6120
832, 05-17 22:28:54,1, 32890, 26420,100619,1374400000, 51391,602431, 50693,  9274
833, 05-17 22:28:55,1, 32890, 26468,100621,1367600000, 52135,603730, 51068, 14234
834, 05-17 22:28:56,1, 32900, 26480,100619,1407000064, 50890,601556, 50443,  5938
835, 05-17 22:28:57,1, 32900, 26503,100617,1371699968, 51487,602598, 50741,  9914
836, 05-17 22:28:58,1, 32900, 26508,100623,1409900032, 50177,600310, 50088,  1185
837, 05-17 22:28:59,1, 32900, 26529,100621,1401299968, 50000,600000, 49999, -1535
838, 05-17 22:29:00,1, 32900, 26535,100619,1402700032, 50000,600000, 49999, -4482
839, 05-17 22:29:01,1, 32900, 26578,100619,1375800064, 50000,600000, 49999,     0
840, 05-17 22:29:02,1, 32900, 26594,100621,1394099968, 50000,600000, 49999,     0
841, 05-17 22:29:03,1, 32900, 26605,100621,1380000000, 50341,600597, 50169,  2278
842, 05-17 22:29:04,1, 32900, 26622,100623,1388400000, 50281,600491, 50139,  1874
843, 05-17 22:29:05,1, 32910, 26627,100623,1377200000, 50763,601333, 50379,  5087
844, 05-17 22:29:06,1, 32910, 26638,100621,1375800064, 51253,602191, 50624,  8359
845, 05-17 22:29:07,1, 32910, 26659,100621,1391299968, 50933,601631, 50464,  6224
846, 05-17 22:29:08,1, 32900, 26648,100621,1396899968, 50383,600669, 50190,  2553
847, 05-17 22:29:09,1, 32910, 26654,100621,1404099968, 50000,600000, 49999,  -723
848, 05-17 22:29:10,1, 32910, 26638,100619,1391299968, 50000,600000, 49999,     0
849, 05-17 22:29:11,1, 32900, 26627,100617,1377200000, 50524,600916, 50260,  3498
850, 05-17 22:29:12,1, 32900, 26615,100623,1389799936, 50419,600732, 50208,  2794
851, 05-17 22:29:13,1, 32910, 26627,100623,1388400000, 50388,600678, 50192,  2588
852, 05-17 22:29:14,1, 32910, 26610,100625,1395500032, 50019,600034, 50009,   132
853, 05-17 22:29:15,1, 32900, 26589,100621,1398400000, 50000,600000, 49999,  -659
854, 05-17 22:29:16,1, 32900, 26573,100621,1396899968, 50000,600000, 49999,  -969
855, 05-17 22:29:17,1, 32890, 26549,100619,1392700032, 50000,600000, 49999,     0
856, 05-17 22:29:18,1, 32890, 26528,100619,1399800064, 50000,600000, 49999,  -826
857, 05-17 22:29:19,1, 32890, 26511,100619,1391299968, 50000,600000, 49999,     0
858, 05-17 22:29:20,1, 32900, 26491,100623,1401299968, 50000,600000, 49999,  -836
859, 05-17 22:29:21,1, 32900, 26486,100621,1388400000, 50045,600078, 50022,   300
860, 05-17 22:29:22,1, 32890, 26463,100621,1398400000, 50000,600000, 49999,     0
861, 05-17 22:29:23,1, 32900, 26443,100623,1399800064, 50000,600000, 49999,   -39
862, 05-17 22:29:24,1, 32900, 26426,100619,1412899968, 50000,600000, 49999, -4088
863, 05-17 22:29:25,1, 32900, 26416,100621,1380000000, 50117,600205, 50058,   782
864, 05-17 22:29:26,1, 32890, 26404,100623,1370300032, 51284,602243, 50640,  8561
865, 05-17 22:29:27,1, 32890, 26392,100617,1389799936, 51371,602396, 50683,  9142
866, 05-17 22:29:28,1, 32890, 26387,100621,1388400000, 51515,602647, 50756, 10101
867, 05-17 22:29:29,1, 32890, 26392,100623,1398400000, 51164,602035, 50580,  7764
868, 05-17 22:29:30,1, 32900, 26384,100619,1366200064, 52410,604211, 51208, 16070
869, 05-17 22:29:31,1, 32890, 26371,100619,1402700032, 51751,603060, 50874, 11676
870, 05-17 22:29:32,1, 32900, 26389,100623,1371699968, 52661,604650, 51335, 17743
871, 05-17 22:29:33,1, 32890, 26409,100621,1404099968, 51904,603327, 50951, 12694
872, 05-17 22:29:34,1, 32900, 26421,100621,1375800064, 52593,604531, 51301, 17290
873, 05-17 22:29:35,1, 32890, 26436,100619,1380000000, 52998,605239, 51507, 19991
874, 05-17 22:29:36,1, 32890, 26420,100619,1392700032, 52745,604797, 51378, 18303
875, 05-17 22:29:37,1, 32890, 26430,100619,1377200000, 53268,605711, 51645, 21792
876, 05-17 22:29:38,1, 32890, 26452,100621,1399800064, 52642,604616, 51325, 17615
877, 05-17 22:29:39,1, 32890, 26441,100623,1396899968, 52228,603894, 51116, 14859
878, 05-17 22:29:40,1, 32880, 26434,100623,1378599936, 52747,604801, 51379, 18318
879, 05-17 22:29:41,1, 32890, 26441,100623,1375800064, 53338,605833, 51680, 22255
880, 05-17 22:29:42,1, 32880, 26478,100623,1408499968, 52288,603999, 51146, 15258
881, 05-17 22:29:43,1, 32890, 26495,100621,1408499968, 51360,602376, 50678,  9068
882, 05-17 22:29:44,1, 32880, 26504,100617,1401299968, 50883,601543, 50439,  5889
883, 05-17 22:29:45,1, 32880, 26520,100623,1378599936, 51550,602709, 50773, 10337
884, 05-17 22:29:46,1, 32880, 26526,100623,1377200000, 52206,603855, 51104, 14712
885, 05-17 22:29:47,1, 32880, 26537,100623,1405600000, 51420,602482, 50708,  9471
886, 05-17 22:29:48,1, 32890, 26544,100621,1391299968, 51408,602460, 50702,  9388
887, 05-17 22:29:49,1, 32880, 26537,100621,1398400000, 51057,601848, 50526,  7050
888, 05-17 22:29:50,1, 32880, 26543,100621,1389799936, 51158,602024, 50577,  7725
889, 05-17 22:29:51,1, 32880, 26537,100621,1387000064, 51383,602416, 50689,  9220
890, 05-17 22:29:52,1, 32880, 26559,100621,1377200000, 52051,603585, 51026, 13678
891, 05-17 22:29:53,1, 32880, 26564,100621,1381400064, 52436,604257, 51221, 16242
892, 05-17 22:29:54,1, 32880, 26574,100623,1407000064, 51547,602704, 50772, 10318
893, 05-17 22:29:55,1, 32880, 26585,100621,1377200000, 52191,603828, 51097, 14608
894, 05-17 22:29:56,1, 32880, 26607,100621,1381400064, 52552,604459, 51280, 17014
895, 05-17 22:29:57,1, 32870, 26613,100619,1374400000, 53210,605609, 51615, 21403
896, 05-17 22:29:58,1, 32870, 26650,100619,1392700032, 52902,605072, 51458, 19351
897, 05-17 22:29:59,1, 32890, 26647,100625,1404099968, 52082,603638, 51041, 13880
898, 05-17 22:30:00,1, 32880, 26678,100623,1387000064, 52174,603799, 51088, 14495
899, 05-17 22:30:01,1, 32880, 26688,100619,1382800000, 52454,604289, 51230, 16365
900, 05-17 22:30:02,1, 32890, 26701,100623,1391299968, 52288,603999, 51146, 15258
901, 05-17 22:30:03,1, 32880, 26716,100625,1387000064, 52346,604099, 51175, 15641
902, 05-17 22:30:04,1, 32880, 26732,100623,1377200000, 52866,605008, 51440, 19110
903, 05-17 22:30:05,1, 32880, 26732,100621,1407000064, 51894,603310, 50947, 12630
904, 05-17 22:30:06,1, 32890, 26733,100623,1411399936, 50823,601439, 50409,  5491
905, 05-17 22:30:07,1, 32890, 26744,100623,1405600000, 50152,600265, 50075,  1013
906, 05-17 22:30:08,1, 32890, 26777,100621,1405600000, 50000,600000, 49999,  -698
907, 05-17 22:30:09,1, 32890, 26771,100621,1384199936, 50335,600586, 50166,  2238
908, 05-17 22:30:10,1, 32890, 26761,100623,1375800064, 51175,602054, 50585,  7838
909, 05-17 22:30:11,1, 32890, 26755,100625,1409900032, 50280,600490, 50139,  1869
910, 05-17 22:30:12,1, 32880, 26748,100623,1392700032, 50309,600541, 50153,  2066
911, 05-17 22:30:13,1, 32880, 26743,100625,1401299968, 50000,600000, 49999,     0
912, 05-17 22:30:14,1, 32880, 26743,100623,1404099968, 50000,600000, 49999,  -969
913, 05-17 22:30:15,1, 32880, 26721,100625,1398400000, 50000,600000, 49999,   -34
914, 05-17 22:30:16,1, 32880, 26732,100621,1401299968, 50000,600000, 49999,     0
915, 05-17 22:30:17,1, 32870, 26704,100621,1392700032, 50121,600211, 50059,   806
916, 05-17 22:30:18,1, 32870, 26699,100621,1407000064, 50000,600000, 49999,  -442
917, 05-17 22:30:19,1, 32870, 26688,100621,1387000064, 50368,600643, 50182,  2455
918, 05-17 22:30:20,1, 32870, 26656,100621,1402700032, 50048,600085, 50024,   324
919, 05-17 22:30:21,1, 32880, 26634,100621,1411399936, 50000,600000, 49999, -2022
920, 05-17 22:30:22,1, 32870, 26618,100621,1404099968, 50000,600000, 49999, -1859
921, 05-17 22:30:23,1, 32860, 26622,100621,1382800000, 50455,600795, 50226,  3035
922, 05-17 22:30:24,1, 32860, 26589,100621,1388400000, 50884,601545, 50439,  5894
923, 05-17 22:30:25,1, 32870, 26580,100621,1405600000, 50439,600767, 50217,  2927
924, 05-17 22:30:26,1, 32870, 26553,100623,1402700032, 50187,600327, 50092,  1249
925, 05-17 22:30:27,1, 32860, 26551,100621,1401299968, 50033,600059, 50016,   226
926, 05-17 22:30:28,1, 32860, 26557,100625,1405600000, 50000,600000, 49999,     0
927, 05-17 22:30:29,1, 32860, 26524,100623,1388400000, 50476,600833, 50236,  3178
928, 05-17 22:30:30,1, 32860, 26530,100623,1380000000, 51346,602352, 50671,  8974
929, 05-17 22:30:31,1, 32860, 26535,100621,1382800000, 51977,603454, 50988, 13181
930, 05-17 22:30:33,1, 32860, 26563,100623,1384199936, 52463,604304, 51235, 16424
931, 05-17 22:30:34,1, 32860, 26589,100623,1394099968, 52415,604220, 51210, 16104
932, 05-17 22:30:35,1, 32860, 26584,100621,1387000064, 52713,604741, 51362, 18092
933, 05-17 22:30:36,1, 32850, 26589,100617,1398400000, 52431,604248, 51218, 16207
934, 05-17 22:30:37,1, 32860, 26589,100621,1389799936, 52592,604530, 51300, 17285
935, 05-17 22:30:38,1, 32860, 26584,100621,1382800000, 53072,605368, 51545, 20483
936, 05-17 22:30:39,1, 32860, 26568,100623,1404099968, 52476,604328, 51241, 16512
937, 05-17 22:30:40,1, 32850, 26568,100621,1408499968, 51744,603047, 50871, 11626
938, 05-17 22:30:41,1, 32860, 26557,100619,1408499968, 51098,601918, 50546,  7321
939, 05-17 22:30:42,1, 32850, 26584,100619,1395500032, 51145,602001, 50570,  7636
940, 05-17 22:30:43,1, 32860, 26579,100619,1382800000, 51797,603141, 50898, 11986
941, 05-17 22:30:44,1, 32850, 26600,100619,1407000064, 51214,602121, 50604,  8094
942, 05-17 22:30:45,1, 32850, 26605,100619,1382800000, 51857,603246, 50928, 12384
943, 05-17 22:30:46,1, 32850, 26622,100619,1382800000, 52423,604233, 51214, 16153
944, 05-17 22:30:47,1, 32850, 26643,100621,1392700032, 52442,604268, 51224, 16286
945, 05-17 22:30:48,1, 32860, 26682,100621,1392700032, 52455,604290, 51230, 16370
946, 05-17 22:30:49,1, 32850, 26670,100619,1385600000, 52809,604909, 51411, 18732
947, 05-17 22:30:50,1, 32860, 26687,100619,1394099968, 52709,604734, 51360, 18062
948, 05-17 22:30:51,1, 32860, 26692,100619,1384199936, 53095,605408, 51556, 20636
949, 05-17 22:30:52,1, 32860, 26698,100617,1392700032, 53026,605287, 51521, 20173
950, 05-17 22:30:53,1, 32860, 26682,100621,1382800000, 53440,606012, 51733, 22938
951, 05-17 22:30:54,1, 32860, 26677,100625,1388400000, 53536,606179, 51782, 23578
952, 05-17 22:30:55,1, 32850, 26659,100619,1381400064, 53961,606922, 52001, 26412
953, 05-17 22:30:56,1, 32860, 26654,100619,1381400064, 54335,607575, 52193, 28902
954, 05-17 22:30:57,1, 32860, 26677,100619,1409900032, 53297,605762, 51660, 21984
955, 05-17 22:30:58,1, 32860, 26677,100621,1417299968, 52032,603551, 51016, 13550
956, 05-17 22:30:59,1, 32860, 26698,100625,1385600000, 52423,604235, 51214, 16158
957, 05-17 22:31:00,1, 32860, 26708,100621,1377200000, 53172,605544, 51596, 21152
958, 05-17 22:31:01,1, 32850, 26708,100619,1378599936, 53767,606582, 51900, 25113
959, 05-17 22:31:02,1, 32870, 26732,100623,1412899968, 52643,604619, 51326, 17624
960, 05-17 22:31:03,1, 32870, 26748,100625,1388400000, 52817,604922, 51414, 18781
961, 05-17 22:31:04,1, 32880, 26776,100623,1412899968, 51796,603138, 50897, 11976
962, 05-17 22:31:05,1, 32870, 26797,100623,1402700032, 51377,602407, 50687,  9186
963, 05-17 22:31:06,1, 32880, 26802,100623,1409900032, 50662,601156, 50328,  4413
964, 05-17 22:31:07,1, 32880, 26818,100621,1399800064, 50507,600886, 50251,  3380
965, 05-17 22:31:08,1, 32880, 26841,100623,1387000064, 50980,601712, 50487,  6534
966, 05-17 22:31:09,1, 32880, 26900,100623,1405600000, 50498,600871, 50247,  3326
967, 05-17 22:31:10,1, 32890, 26901,100621,1387000064, 50960,601677, 50477,  6401
968, 05-17 22:31:11,1, 32890, 26928,100621,1407000064, 50405,600708, 50201,  2701
969, 05-17 22:31:12,1, 32890, 26945,100621,1399800064, 50253,600442, 50125,  1687
970, 05-17 22:31:13,1, 32890, 26982,100619,1395500032, 50317,600554, 50157,  2115
971, 05-17 22:31:14,1, 32900, 27011,100619,1377200000, 51247,602179, 50621,  8315
972, 05-17 22:31:15,1, 32910, 27039,100623,1375800064, 52127,603718, 51064, 14185
973, 05-17 22:31:16,1, 32900, 27071,100623,1396899968, 51881,603287, 50940, 12542
974, 05-17 22:31:17,1, 32900, 27115,100623,1381400064, 52400,604193, 51202, 16001
975, 05-17 22:31:18,1, 32910, 27159,100619,1374400000, 53186,605568, 51603, 21246
976, 05-17 22:31:19,1, 32910, 27191,100621,1375800064, 53803,606646, 51919, 25359
977, 05-17 22:31:20,1, 32920, 27220,100619,1384199936, 53931,606869, 51985, 26211
978, 05-17 22:31:21,1, 32920, 27280,100621,1375800064, 54438,607755, 52247, 29591
979, 05-17 22:31:22,1, 32910, 27300,100623,1380000000, 54676,608171, 52370, 31175
980, 05-17 22:31:23,1, 32920, 27373,100621,1395500032, 54124,607206, 52084, 27495
981, 05-17 22:31:24,1, 32920, 27421,100625,1377200000, 54507,607875, 52282, 30048
982, 05-17 22:31:25,1, 32930, 27470,100625,1412899968, 53122,605455, 51570, 20813
983, 05-17 22:31:26,1, 32930, 27535,100623,1398400000, 52575,604500, 51292, 17172
984, 05-17 22:31:27,1, 32940, 27614,100621,1373100032, 53294,605756, 51658, 21964
985, 05-17 22:31:28,1, 32930, 27694,100623,1380000000, 53578,606253, 51804, 23859
986, 05-17 22:31:29,1, 32940, 27799,100623,1367600000, 54411,607708, 52233, 29409
987, 05-17 22:31:30,1, 32940, 27908,100621,1398400000, 53635,606352, 51833, 24237
988, 05-17 22:31:31,1, 32940, 28078,100625,1367600000, 54412,607709, 52233, 29414
989, 05-17 22:31:32,1, 32950, 28231,100623,1384199936, 54261,607446, 52155, 28410
990, 05-17 22:31:33,1, 32950, 28422,100623,1377200000, 54434,607748, 52244, 29561
991, 05-17 22:31:34,1, 32950, 28555,100621,1396899968, 53609,606306, 51819, 24060
992, 05-17 22:31:35,1, 32950, 28708,100621,1380000000, 53663,606400, 51847, 24420
993, 05-17 22:31:36,1, 32950, 28845,100621,1360700032, 54620,608073, 52341, 30801
994, 05-17 22:31:37,1, 32960, 28979,100621,1366200064, 55161,609018, 52622, 34408
995, 05-17 22:31:38,1, 32960, 29101,100621,1362099968, 55807,610148, 52960, 38718
996, 05-17 22:31:39,1, 32960, 29206,100623,1389799936, 55000,608737, 52538, 33335
997, 05-17 22:31:40,1, 32960, 29272,100621,1392700032, 54121,607201, 52083, 27475
998, 05-17 22:31:41,1, 32960, 29311,100621,1389799936, 53458,606043, 51742, 23057
999, 05-17 22:31:42,1, 32960, 29360,100623,1359399936, 54326,607559, 52189, 28843
1000, 05-17 22:31:43,1, 32970, 29388,100621,1356700032, 55198,609082, 52641, 34654
1001, 05-17 22:31:44,1, 32960, 29393,100621,1375800064, 55011,608756, 52544, 33409
1002, 05-17 22:31:45,1, 32970, 29383,100621,1387000064, 54282,607482, 52166, 28548
1003, 05-17 22:31:46,1, 32970, 29349,100623,1377200000, 54094,607153, 52069, 27293
1004, 05-17 22:31:47,1, 32970, 29256,100621,1362099968, 54653,608131, 52358, 31023
1005, 05-17 22:31:48,1, 32970, 29173,100619,1384199936, 54057,607090, 52050, 27052
1006, 05-17 22:31:49,1, 32960, 29084,100623,1359399936, 54733,608271, 52400, 31559
1007, 05-17 22:31:50,1, 32970, 28936,100621,1374400000, 54590,608021, 52326, 30604
1008, 05-17 22:31:51,1, 32960, 28787,100617,1360700032, 55135,608973, 52609, 34236
1009, 05-17 22:31:52,1, 32960, 28617,100621,1367600000, 55277,609220, 52682, 35180
1010, 05-17 22:31:53,1, 32970, 28409,100621,1378599936, 54873,608515, 52472, 32489
1011, 05-17 22:31:54,1, 32960, 28211,100623,1380000000, 54459,607791, 52257, 29729
1012, 05-17 22:31:55,1, 32970, 28010,100625,1375800064, 54305,607523, 52178, 28705
1013, 05-17 22:31:56,1, 32960, 27823,100625,1359399936, 54987,608715, 52532, 33252
1014, 05-17 22:31:57,1, 32970, 27628,100625,1377200000, 54729,608263, 52397, 31530
1015, 05-17 22:31:58,1, 32970, 27475,100623,1375800064, 54582,608007, 52321, 30550
1016, 05-17 22:31:59,1, 32970, 27344,100623,1373100032, 54595,608030, 52328, 30639
1017, 05-17 22:32:00,1, 32970, 27267,100625,1375800064, 54482,607833, 52270, 29886
1018, 05-17 22:32:01,1, 32960, 27245,100623,1378599936, 54252,607430, 52151, 28351
1019, 05-17 22:32:02,1, 32960, 27218,100623,1375800064, 54189,607321, 52118, 27933
1020, 05-17 22:32:03,1, 32960, 27212,100625,1351299968, 55339,609329, 52715, 35594
1021, 05-17 22:32:04,1, 32970, 27202,100625,1370300032, 55419,609469, 52757, 36130
1022, 05-17 22:32:05,1, 32970, 27197,100625,1355299968, 56229,610885, 53182, 41533
1023, 05-17 22:32:06,1, 32970, 27197,100623,1371699968, 56140,610729, 53135, 40937
1024, 05-17 22:32:07,1, 32970, 27235,100623,1335500032, 57850,613716, 54042, 52333
1025, 05-17 22:32:08,1, 32980, 27237,100625,1348600064, 58704,615209, 54502, 58031
1026, 05-17 22:32:09,1, 32980, 27264,100623,1344700032, 59650,616861, 55015, 64334
1027, 05-17 22:32:10,1, 32980, 27275,100629,1343299968, 60554,618441, 55509, 70361
1028, 05-17 22:32:11,1, 32970, 27274,100623,1366200064, 60222,617861, 55327, 68147
1029, 05-17 22:32:12,1, 32960, 27278,100625,1350000000, 60730,618749, 55607, 71537
1030, 05-17 22:32:13,1, 32970, 27246,100625,1364800000, 60450,618261, 55453, 69673
1031, 05-17 22:32:14,1, 32960, 27218,100625,1366200064, 60141,617720, 55283, 67611
1032, 05-17 22:32:15,1, 32950, 27200,100625,1348600064, 60741,618767, 55612, 71606
1033, 05-17 22:32:16,1, 32940, 27195,100625,1355299968, 60941,619118, 55723, 72945
1034, 05-17 22:32:17,1, 32940, 27140,100627,1360700032, 60859,618975, 55678, 72398
1035, 05-17 22:32:18,1, 32940, 27102,100623,1363500032, 60656,618619, 55565, 71040
1036, 05-17 22:32:19,1, 32940, 27059,100625,1352700032, 61015,619247, 55764, 73437
1037, 05-17 22:32:20,1, 32930, 27035,100625,1344700032, 61736,620507, 56163, 78244
1038, 05-17 22:32:21,1, 32930, 26997,100625,1339399936, 62643,622092, 56670, 84291
1039, 05-17 22:32:22,1, 32930, 26965,100625,1363500032, 62257,621418, 56454, 81718
1040, 05-17 22:32:23,1, 32930, 26948,100625,1374400000, 61389,619900, 55970, 75926
1041, 05-17 22:32:24,1, 32920, 26937,100625,1338099968, 62421,621704, 56546, 82810
1042, 05-17 22:32:25,1, 32910, 26908,100623,1348600064, 62817,622397, 56768, 85452
1043, 05-17 22:32:26,1, 32910, 26892,100625,1366200064, 62304,621500, 56480, 82033
1044, 05-17 22:32:27,1, 32910, 26887,100625,1363500032, 61992,620953, 56306, 79946
1045, 05-17 22:32:28,1, 32910, 26887,100627,1334200064, 63173,623018, 56969, 87824
1046, 05-17 22:32:29,1, 32900, 26854,100623,1339399936, 63964,624401, 57417, 93099
1047, 05-17 22:32:30,1, 32890, 26847,100625,1360700032, 63614,623788, 57218, 90761
1048, 05-17 22:32:31,1, 32890, 26831,100625,1346000000, 64038,624530, 57459, 93591
1049, 05-17 22:32:32,1, 32880, 26835,100625,1335500032, 64943,626111, 57976, 99623
1050, 05-17 22:32:33,1, 32880, 26813,100625,1364800000, 64296,624981, 57606, 95313
1051, 05-17 22:32:34,1, 32870, 26791,100625,1363500032, 63800,624113, 57323, 92001
1052, 05-17 22:32:35,1, 32870, 26769,100627,1331500032, 64958,626136, 57984, 99721
1053, 05-17 22:32:36,1, 32860, 26741,100627,1344700032, 65330,626786, 58199,102201
1054, 05-17 22:32:37,1, 32850, 26729,100625,1356700032, 65071,626335, 58050,100479
1055, 05-17 22:32:38,1, 32850, 26729,100625,1348600064, 65251,626648, 58153,101675
1056, 05-17 22:32:39,1, 32850, 26719,100627,1334200064, 66135,628193, 58665,107570
1057, 05-17 22:32:40,1, 32840, 26694,100625,1367600000, 65270,626682, 58164,101803
1058, 05-17 22:32:41,1, 32840, 26683,100625,1336800000, 66040,628027, 58609,106935
1059, 05-17 22:32:42,1, 32830, 26683,100627,1336800000, 66725,629225, 59009,111506
1060, 05-17 22:32:43,1, 32830, 26673,100627,1355299968, 66420,628691, 58830,109469
1061, 05-17 22:32:44,1, 32820, 26660,100629,1346000000, 66620,629041, 58947,110802
1062, 05-17 22:32:45,1, 32810, 26671,100627,1351299968, 66541,628903, 58901,110276
1063, 05-17 22:32:46,1, 32810, 26665,100627,1336800000, 67200,630054, 59287,114670
1064, 05-17 22:32:47,1, 32800, 26669,100629,1342000000, 67530,630631, 59481,116869
1065, 05-17 22:32:48,1, 32800, 26669,100625,1362099968, 66833,629413, 59072,112224
1066, 05-17 22:32:49,1, 32780, 26666,100625,1340700032, 67288,630208, 59338,115255
1067, 05-17 22:32:50,1, 32790, 26672,100627,1338099968, 67823,631143, 59654,118823
1068, 05-17 22:32:51,1, 32780, 26683,100623,1351299968, 67646,630833, 59549,117642
1069, 05-17 22:32:52,1, 32770, 26681,100625,1328999936, 68610,632519, 60121,124073
1070, 05-17 22:32:53,1, 32770, 26708,100625,1336800000, 69074,633329, 60397,127163
1071, 05-17 22:32:54,1, 32759, 26718,100625,1322499968, 70208,635311, 61080,134725
1072, 05-17 22:32:55,1, 32759, 26713,100625,1351299968, 69777,634556, 60819,131847
1073, 05-17 22:32:56,1, 32750, 26717,100625,1334200064, 70253,635389, 61107,135025
1074, 05-17 22:32:57,1, 32759, 26736,100627,1350000000, 69890,634755, 60888,132605
1075, 05-17 22:32:58,1, 32730, 26741,100625,1355299968, 69318,633754, 60543,128786
1076, 05-17 22:32:59,1, 32740, 26737,100625,1328999936, 70127,635169, 61031,134184
1077, 05-17 22:33:00,1, 32720, 26768,100627,1327699968, 70913,636542, 61508,139424
1078, 05-17 22:33:01,1, 32720, 26762,100627,1334200064, 71286,637194, 61735,141909
1079, 05-17 22:33:02,1, 32720, 26762,100627,1334200064, 71621,637779, 61941,144143
1080, 05-17 22:33:03,1, 32710, 26766,100627,1330300032, 72118,638648, 62246,147459
1081, 05-17 22:33:04,1, 32710, 26766,100629,1325100032, 72824,639881, 62683,152163
1082, 05-17 22:33:05,1, 32700, 26782,100625,1328999936, 73257,640637, 62952,155047
1083, 05-17 22:33:06,1, 32700, 26766,100627,1321200000, 74038,642003, 63441,160257
1084, 05-17 22:33:07,1, 32689, 26765,100625,1327699968, 74406,642646, 63673,162713
1085, 05-17 22:33:08,1, 32680, 26780,100627,1325100032, 74868,643454, 63965,165793
1086, 05-17 22:33:09,1, 32680, 26773,100627,1326400000, 75216,644061, 64186,168110
1087, 05-17 22:33:10,1, 32669, 26768,100627,1346000000, 74550,642896, 63764,163667
1088, 05-17 22:33:11,1, 32669, 26757,100629,1331500032, 74693,643147, 63854,164622
1089, 05-17 22:33:12,1, 32660, 26756,100627,1331500032, 74827,643381, 63939,165517
1090, 05-17 22:33:13,1, 32650, 26751,100627,1326400000, 75209,644048, 64181,168061
1091, 05-17 22:33:14,1, 32650, 26718,100627,1325100032, 75620,644766, 64443,170802
1092, 05-17 22:33:15,1, 32640, 26718,100631,1320000000, 76248,645864, 64845,174989
1093, 05-17 22:33:16,1, 32630, 26702,100627,1325100032, 76553,646398, 65042,177026
1094, 05-17 22:33:17,1, 32630, 26708,100629,1323800064, 76894,646992, 65261,179294
1095, 05-17 22:33:18,1, 32619, 26690,100629,1335500032, 76615,646506, 65082,177439
1096, 05-17 22:33:19,1, 32619, 26663,100629,1325100032, 76902,647006, 65267,179349
1097, 05-17 22:33:20,1, 32610, 26668,100627,1328999936, 76966,647119, 65308,179777
1098, 05-17 22:33:21,1, 32610, 26680,100627,1351299968, 75917,645285, 64633,172780
1099, 05-17 22:33:22,1, 32599, 26680,100629,1327699968, 76175,645736, 64798,174502
1100, 05-17 22:33:23,1, 32599, 26680,100627,1327699968, 76410,646146, 64949,176067
1101, 05-17 22:33:24,1, 32590, 26676,100627,1321200000, 76952,647094, 65299,179683
1102, 05-17 22:33:25,1, 32590, 26676,100629,1323800064, 77306,647713, 65529,182045
1103, 05-17 22:33:26,1, 32570, 26691,100623,1326400000, 77495,648042, 65651,183300
1104, 05-17 22:33:27,1, 32570, 26675,100623,1328999936, 77539,648119, 65680,183595
1105, 05-17 22:33:28,1, 32560, 26675,100625,1328999936, 77585,648201, 65710,183905
1106, 05-17 22:33:29,1, 32560, 26696,100627,1321200000, 78024,648967, 65996,186828
1107, 05-17 22:33:30,1, 32550, 26716,100625,1318700032, 78543,649873, 66336,190287
1108, 05-17 22:33:31,1, 32550, 26716,100625,1334200064, 78227,649323, 66129,188186
1109, 05-17 22:33:32,1, 32540, 26720,100625,1321200000, 78608,649988, 66379,190725
1110, 05-17 22:33:33,1, 32540, 26720,100625,1312300032, 79402,651374, 66903,196014
1111, 05-17 22:33:34,1, 32540, 26730,100627,1321200000, 79656,651818, 67071,197707
1112, 05-17 22:33:35,1, 32529, 26735,100625,1325100032, 79690,651877, 67094,197933
1113, 05-17 22:33:36,1, 32520, 26740,100625,1325100032, 79726,651942, 67118,198179
1114, 05-17 22:33:37,1, 32509, 26760,100623,1326400000, 79698,651893, 67100,197992
1115, 05-17 22:33:38,1, 32509, 26760,100623,1322499968, 79876,652202, 67218,199173
1116, 05-17 22:33:39,1, 32509, 26781,100625,1321200000, 80102,652598, 67369,200683
1117, 05-17 22:33:40,1, 32509, 26802,100625,1321200000, 80304,652952, 67504,202032
1118, 05-17 22:33:41,1, 32500, 26814,100627,1309799936, 81066,654283, 68015,207110
1119, 05-17 22:33:42,1, 32490, 26822,100623,1313600000, 81550,655129, 68342,210337
1120, 05-17 22:33:43,1, 32490, 26829,100625,1323800064, 81465,654980, 68284,209771
1121, 05-17 22:33:44,1, 32480, 26853,100625,1322499968, 81460,654971, 68281,209737
1122, 05-17 22:33:45,1, 32480, 26841,100625,1320000000, 81588,655194, 68367,210588
1123, 05-17 22:33:46,1, 32470, 26858,100625,1313600000, 82028,655963, 68666,213526
1124, 05-17 22:33:47,1, 32470, 26885,100625,1304800000, 82867,657429, 69239,219125
1125, 05-17 22:33:48,1, 32460, 26910,100625,1317400064, 82969,657609, 69309,219814
1126, 05-17 22:33:49,1, 32460, 26894,100627,1317400064, 83065,657775, 69375,220454
1127, 05-17 22:33:50,1, 32450, 26910,100623,1318700032, 83088,657815, 69391,220611
1128, 05-17 22:33:51,1, 32460, 26926,100625,1325100032, 82785,657286, 69183,218599
1129, 05-17 22:33:52,1, 32450, 26921,100625,1321200000, 82721,657174, 69139,218176
1130, 05-17 22:33:53,1, 32439, 26901,100627,1322499968, 82606,656973, 69060,217413
1131, 05-17 22:33:54,1, 32430, 26929,100623,1321200000, 82573,656916, 69038,217201
1132, 05-17 22:33:55,1, 32430, 26934,100623,1314899968, 82866,657428, 69239,219160
1133, 05-17 22:33:56,1, 32430, 26929,100625,1318700032, 82936,657550, 69287,219632
1134, 05-17 22:33:57,1, 32419, 26921,100625,1320000000, 82939,657556, 69289,219657
1135, 05-17 22:33:58,1, 32410, 26949,100625,1314899968, 83201,658013, 69469,221408
1136, 05-17 22:33:59,1, 32410, 26944,100625,1316099968, 83375,658318, 69589,222574
1137, 05-17 22:34:00,1, 32410, 26933,100623,1317400064, 83469,658482, 69653,223204
1138, 05-17 22:34:01,1, 32400, 26954,100627,1304800000, 84196,659752, 70157,228056
1139, 05-17 22:34:02,1, 32400, 26949,100625,1316099968, 84266,659874, 70205,228528
1140, 05-17 22:34:03,1, 32400, 26970,100623,1320000000, 84132,659640, 70112,227637
1141, 05-17 22:34:04,1, 32390, 26968,100625,1311100032, 84470,660230, 70347,229896
1142, 05-17 22:34:05,1, 32390, 27005,100627,1313600000, 84640,660528, 70466,231037
1143, 05-17 22:34:06,1, 32380, 27010,100627,1313600000, 84795,660799, 70574,232076
1144, 05-17 22:34:07,1, 32380, 27027,100623,1313600000, 84934,661042, 70671,233006
1145, 05-17 22:34:08,1, 32380, 27081,100621,1307299968, 85375,661811, 70981,235948
1146, 05-17 22:34:09,1, 32369, 27107,100621,1314899968, 85378,661817, 70983,235973
1147, 05-17 22:34:10,1, 32369, 27123,100621,1317400064, 85255,661602, 70897,235161
1148, 05-17 22:34:11,1, 32369, 27172,100623,1317400064, 85145,661409, 70819,234428
1149, 05-17 22:34:12,1, 32369, 27188,100623,1308600064, 85493,662018, 71064,236755
1150, 05-17 22:34:13,1, 32360, 27242,100623,1313600000, 85544,662107, 71100,237099
1151, 05-17 22:34:14,1, 32349, 27294,100623,1309799936, 85780,662519, 71266,238679
1152, 05-17 22:34:15,1, 32349, 27317,100621,1301100032, 86430,663656, 71727,243019
