1, 05-17 22:15:00,1, 29010, 31296,100659,269900000, 50000,600000, 49999,     0
2, 05-17 22:15:01,1, 28970, 31737,100657,235800000, 50000,600000, 49999,     0
3, 05-17 22:15:02,1, 29290, 31772,100659,243000000, 50000,600000, 49999,     0
4, 05-17 22:15:03,1, 29430, 31716,100661,249200000, 50000,600000, 49999,     0
5, 05-17 22:15:04,1, 29530, 31610,100663,253900000, 50000,600000, 49999,     0
6, 05-17 22:15:05,1, 29610, 31485,100663,258100000, 50000,600000, 49999,     0
7, 05-17 22:15:06,1, 29670, 31379,100661,262600000, 50000,600000, 49999,     0
8, 05-17 22:15:07,1, 29730, 31284,100661,265100000, 50000,600000, 49999,     0
9, 05-17 22:15:09,1, 29790, 31151,100663,267400000, 50000,600000, 49999,     0
10, 05-17 22:15:10,1, 29830, 31039,100663,271600000, 50000,600000, 49999,     0
11, 05-17 22:15:11,1, 29870, 30937,100659,274000000, 50000,600000, 49999,     0
12, 05-17 22:15:12,1, 29880, 30859,100657,276500000, 50000,600000, 49999,     0
13, 05-17 22:15:13,1, 29900, 30767,100657,277600000, 50000,600000, 49999,     0
14, 05-17 22:15:14,1, 29950, 30683,100657,281300000, 50000,600000, 49999,     0
15, 05-17 22:15:15,1, 29980, 30597,100657,282000000, 50000,600000, 49999,     0
16, 05-17 22:15:16,1, 30010, 30523,100661,284800000, 50000,600000, 49999,     0
17, 05-17 22:15:17,1, 30030, 30440,100659,286500000, 50000,600000, 49999,     0
18, 05-17 22:15:18,1, 30040, 30385,100657,289100000, 50000,600000, 49999,     0
19, 05-17 22:15:19,1, 30070, 30305,100659,290600000, 50000,600000, 49999,     0
20, 05-17 22:15:20,1, 30080, 30260,100657,292100000, 50000,600000, 49999,     0
21, 05-17 22:15:21,1, 30100, 30187,100657,292900000, 50000,600000, 49999,     0
22, 05-17 22:15:22,1, 30110, 30165,100661,296400000, 50000,600000, 49999,     0
23, 05-17 22:15:23,1, 30130, 30105,100661,294900000, 50000,600000, 49999,     0
24, 05-17 22:15:24,1, 30130, 30065,100659,296900000, 50000,600000, 49999,     0
25, 05-17 22:15:25,1, 30150, 30024,100665,300900000, 50000,600000, 49999,     0
26, 05-17 22:15:26,1, 30160, 29976,100661,301700000, 50000,600000, 49999,     0
27, 05-17 22:15:27,1, 30170, 29942,100663,301100000, 50000,600000, 49999,     0
28, 05-17 22:15:28,1, 30170, 29908,100663,301100000, 50000,600000, 49999,     0
29, 05-17 22:15:29,1, 30170, 29870,100663,303800000, 50000,600000, 49999,     0
30, 05-17 22:15:30,1, 30180, 29832,100659,303300000, 50000,600000, 49999,     0
31, 05-17 22:15:31,1, 30190, 29832,100663,305400000, 50000,600000, 49999,     0
32, 05-17 22:15:32,1, 30200, 29785,100663,305200000, 50000,600000, 49999,     0
33, 05-17 22:15:33,1, 30200, 29758,100661,307400000, 50000,600000, 49999,     0
34, 05-17 22:15:34,1, 30200, 29718,100659,309600000, 50000,600000, 49999,     0
35, 05-17 22:15:35,1, 30200, 29713,100659,308800000, 50000,600000, 49999,     0
36, 05-17 22:15:36,1, 30210, 29697,100661,311300000, 50000,600000, 49999,     0
37, 05-17 22:15:37,1, 30210, 29686,100663,311900000, 50000,600000, 49999,     0
38, 05-17 22:15:38,1, 30220, 29668,100661,311900000, 50000,600000, 49999,     0
39, 05-17 22:15:39,1, 30220, 29635,100661,311600000, 50000,600000, 49999,     0
40, 05-17 22:15:40,1, 30220, 29612,100659,315000000, 50000,600000, 49999,     0
41, 05-17 22:15:41,1, 30230, 29615,100659,315300000, 50000,600000, 49999,     0
42, 05-17 22:15:42,1, 30230, 29586,100661,314400000, 50000,600000, 49999,     0
43, 05-17 22:15:43,1, 30230, 29592,100657,316200000, 50000,600000, 49999,     0
44, 05-17 22:15:44,1, 30230, 29597,100661,315900000, 50000,600000, 49999,     0
45, 05-17 22:15:45,1, 30230, 29575,100659,315300000, 50000,600000, 49999,     0
46, 05-17 22:15:46,1, 30240, 29570,100657,315900000, 50000,600000, 49999,     0
47, 05-17 22:15:47,1, 30240, 29586,100659,317700000, 50000,600000, 49999,     0
48, 05-17 22:15:48,1, 30250, 29600,100661,315900000, 50000,600000, 49999,     0
49, 05-17 22:15:49,1, 30250, 29611,100659,318300000, 50000,600000, 49999,     0
50, 05-17 22:15:50,1, 30250, 29611,100659,319200000, 50000,600000, 49999,     0
51, 05-17 22:15:51,1, 30260, 29652,100659,319200000, 50000,600000, 49999,     0
52, 05-17 22:15:52,1, 30260, 29647,100657,318000000, 50000,600000, 49999,     0
53, 05-17 22:15:53,1, 30270, 29654,100661,320400000, 50000,600000, 49999,     0
54, 05-17 22:15:54,1, 30270, 29666,100657,321000000, 50000,600000, 49999,     0
55, 05-17 22:15:55,1, 30280, 29654,100657,318600000, 50000,600000, 49999,     0
56, 05-17 22:15:56,1, 30280, 29666,100657,319800000, 50000,600000, 49999,     0
57, 05-17 22:15:57,1, 30280, 29671,100657,322500000, 50000,600000, 49999,     0
58, 05-17 22:15:58,1, 30290, 29667,100659,321300000, 50000,600000, 49999,     0
59, 05-17 22:15:59,1, 30300, 29667,100659,321000000, 50000,600000, 49999,     0
60, 05-17 22:16:00,1, 30310, 29667,100661,323100000, 50000,600000, 49999,     0
61, 05-17 22:16:01,1, 30310, 29651,100661,321600000, 50000,600000, 49999,     0
62, 05-17 22:16:02,1, 30320, 29643,100659,323100000, 50000,600000, 49999,     0
63, 05-17 22:16:03,1, 30320, 29637,100657,323700000, 50000,600000, 49999,     0
64, 05-17 22:16:04,1, 30330, 29632,100661,326500000, 50000,600000, 49999,     0
65, 05-17 22:16:05,1, 30340, 29617,100661,324300000, 50000,600000, 49999,     0
66, 05-17 22:16:06,1, 30350, 29617,100663,324900000, 50000,600000, 49999,     0
67, 05-17 22:16:07,1, 30350, 29589,100663,325500000, 50000,600000, 49999,     0
68, 05-17 22:16:08,1, 30370, 29565,100661,326200000, 50000,600000, 49999,     0
69, 05-17 22:16:09,1, 30380, 29555,100661,324000000, 50000,600000, 49999,     0
70, 05-17 22:16:10,1, 30390, 29533,100659,326500000, 50000,600000, 49999,     0
71, 05-17 22:16:11,1, 30400, 29513,100659,325200000, 50000,600000, 49999,     0
72, 05-17 22:16:12,1, 30400, 29501,100657,326200000, 50000,600000, 49999,     0
73, 05-17 22:16:13,1, 30410, 29474,100659,325200000, 50000,600000, 49999,     0
74, 05-17 22:16:14,1, 30440, 29433,100661,327400000, 50000,600000, 49999,     0
75, 05-17 22:16:15,1, 30440, 29428,100659,327700000, 50000,600000, 49999,     0
76, 05-17 22:16:16,1, 30450, 29413,100661,326200000, 50000,600000, 49999,     0
77, 05-17 22:16:17,1, 30470, 29403,100657,328000000, 50000,600000, 49999,     0
78, 05-17 22:16:18,1, 30480, 29394,100659,328000000, 50000,600000, 49999,     0
79, 05-17 22:16:19,1, 30480, 29361,100657,325900000, 50000,600000, 49999,     0
80, 05-17 22:16:20,1, 30500, 29357,100659,327400000, 50000,600000, 49999,     0
81, 05-17 22:16:21,1, 30510, 29341,100659,329600000, 50000,600000, 49999,     0
82, 05-17 22:16:22,1, 30530, 29331,100659,329000000, 50000,600000, 49999,     0
83, 05-17 22:16:23,1, 30530, 29303,100659,326800000, 50000,600000, 49999,     0
84, 05-17 22:16:24,1, 30540, 29296,100659,329000000, 50000,600000, 49999,     0
85, 05-17 22:16:25,1, 30560, 29259,100661,329000000, 50000,600000, 49999,     0
86, 05-17 22:16:26,1, 30570, 29236,100661,329600000, 50000,600000, 49999,     0
87, 05-17 22:16:27,1, 30580, 29211,100661,328000000, 50000,600000, 49999,     0
88, 05-17 22:16:28,1, 30590, 29179,100661,330600000, 50000,600000, 49999,     0
89, 05-17 22:16:29,1, 30610, 29159,100657,331600000, 50000,600000, 49999,     0
90, 05-17 22:16:30,1, 30600, 29120,100657,330600000, 50000,600000, 49999,     0
91, 05-17 22:16:31,1, 30620, 29069,100657,333500000, 50000,600000, 49999,     0
92, 05-17 22:16:32,1, 30630, 29005,100659,332500000, 50000,600000, 49999,     0
93, 05-17 22:16:33,1, 30640, 28955,100659,331900000, 50000,600000, 49999,     0
94, 05-17 22:16:34,1, 30650, 28902,100661,332500000, 50000,600000, 49999,     0
95, 05-17 22:16:35,1, 30660, 28864,100659,334200000, 50000,600000, 49999,     0
96, 05-17 22:16:36,1, 30680, 28810,100661,332800000, 50000,600000, 49999,     0
97, 05-17 22:16:37,1, 30690, 28773,100659,335100000, 50000,600000, 49999,     0
98, 05-17 22:16:38,1, 30700, 28730,100659,336100000, 50000,600000, 49999,     0
99, 05-17 22:16:39,1, 30710, 28692,100659,334500000, 50000,600000, 49999,     0
100, 05-17 22:16:40,1, 30720, 28660,100663,336800000, 50000,600000, 49999,     0
101, 05-17 22:16:41,1, 30730, 28622,100663,334500000, 50000,600000, 49999,     0
102, 05-17 22:16:42,1, 30750, 28603,100663,336500000, 50000,600000, 49999,     0
103, 05-17 22:16:43,1, 30760, 28594,100661,334500000, 50000,600000, 49999,     0
104, 05-17 22:16:44,1, 30770, 28588,100663,335500000, 50000,600000, 49999,     0
105, 05-17 22:16:45,1, 30790, 28546,100661,334800000, 50000,600000, 49999,     0
106, 05-17 22:16:46,1, 30800, 28527,100663,336100000, 50000,600000, 49999,     0
107, 05-17 22:16:47,1, 30810, 28506,100659,336500000, 50000,600000, 49999,     0
108, 05-17 22:16:48,1, 30820, 28499,100661,337800000, 50000,600000, 49999,     0
109, 05-17 22:16:49,1, 30830, 28479,100663,338100000, 50000,600000, 49999,     0
110, 05-17 22:16:50,1, 30840, 28446,100659,335800000, 50000,600000, 49999,     0
111, 05-17 22:16:51,1, 30850, 28450,100657,338500000, 50000,600000, 49999,     0
112, 05-17 22:16:52,1, 30860, 28433,100659,337100000, 50000,600000, 49999,     0
113, 05-17 22:16:53,1, 30860, 28395,100661,339500000, 50000,600000, 49999,     0
114, 05-17 22:16:54,1, 30870, 28362,100661,337800000, 50000,600000, 49999,     0
115, 05-17 22:16:55,1, 30890, 28337,100661,339500000, 50000,600000, 49999,     0
116, 05-17 22:16:56,1, 30900, 28312,100663,336500000, 50000,600000, 49999,     0
117, 05-17 22:16:57,1, 30900, 28284,100663,338800000, 50000,600000, 49999,     0
118, 05-17 22:16:58,1, 30920, 28275,100665,337100000, 50000,600000, 49999,     0
119, 05-17 22:16:59,1, 30920, 28257,100661,337500000, 50000,600000, 49999,     0
120, 05-17 22:17:00,1, 30940, 28249,100663,336800000, 50000,600000, 49999,     0
121, 05-17 22:17:01,1, 30930, 28241,100663,338100000, 50000,600000, 49999,     0
122, 05-17 22:17:02,1, 30960, 28241,100663,337500000, 50000,600000, 49999,     0
123, 05-17 22:17:03,1, 30960, 28225,100661,339800000, 50000,600000, 49999,     0
124, 05-17 22:17:04,1, 30970, 28241,100661,338500000, 50000,600000, 49999,     0
125, 05-17 22:17:05,1, 30990, 28226,100661,337800000, 50000,600000, 49999,     0
126, 05-17 22:17:06,1, 31000, 28214,100663,338500000, 50000,600000, 49999,     0
127, 05-17 22:17:07,1, 31010, 28235,100659,338800000, 50000,600000, 49999,     0
128, 05-17 22:17:08,1, 31020, 28230,100661,337800000, 50000,600000, 49999,     0
129, 05-17 22:17:09,1, 31030, 28231,100661,340100000, 50000,600000, 49999,     0
130, 05-17 22:17:10,1, 31030, 28231,100659,340500000, 50000,600000, 49999,     0
131, 05-17 22:17:11,1, 31040, 28231,100661,338800000, 50000,600000, 49999,     0
132, 05-17 22:17:12,1, 31060, 28236,100663,337800000, 50000,600000, 49999,     0
133, 05-17 22:17:13,1, 31060, 28236,100659,339500000, 50000,600000, 49999,     0
134, 05-17 22:17:14,1, 31070, 28227,100661,339500000, 50000,600000, 49999,     0
135, 05-17 22:17:15,1, 31080, 28232,100661,338800000, 50000,600000, 49999,     0
136, 05-17 22:17:16,1, 31090, 28256,100661,338800000, 50000,600000, 49999,     0
137, 05-17 22:17:17,1, 31100, 28236,100657,339100000, 50000,600000, 49999,     0
138, 05-17 22:17:18,1, 31110, 28236,100657,339800000, 50000,600000, 49999,     0
139, 05-17 22:17:19,1, 31120, 28249,100659,338100000, 50000,600000, 49999,     0
140, 05-17 22:17:20,1, 31130, 28265,100657,340500000, 50000,600000, 49999,     0
141, 05-17 22:17:21,1, 31130, 28260,100657,338500000, 50000,600000, 49999,     0
142, 05-17 22:17:22,1, 31150, 28269,100657,341200000, 50000,600000, 49999,     0
143, 05-17 22:17:23,1, 31150, 28241,100659,339800000, 50000,600000, 49999,     0
144, 05-17 22:17:24,1, 31160, 28260,100657,339800000, 50000,600000, 49999,     0
145, 05-17 22:17:25,1, 31170, 28248,100657,339800000, 50000,600000, 49999,     0
146, 05-17 22:17:26,1, 31180, 28272,100657,339500000, 50000,600000, 49999,     0
147, 05-17 22:17:27,1, 31190, 28272,100655,339100000, 50000,600000, 49999,     0
148, 05-17 22:17:28,1, 31200, 28280,100655,337800000, 50000,600000, 49999,     0
149, 05-17 22:17:29,1, 31210, 28263,100657,339100000, 50000,600000, 49999,     0
150, 05-17 22:17:30,1, 31220, 28275,100657,337500000, 50000,600000, 49999,     0
151, 05-17 22:17:31,1, 31220, 28263,100657,338800000, 50000,600000, 49999,     0
152, 05-17 22:17:32,1, 31230, 28266,100653,339100000, 50000,600000, 49999,     0
153, 05-17 22:17:33,1, 31240, 28243,100657,339800000, 50000,600000, 49999,     0
154, 05-17 22:17:34,1, 31250, 28236,100655,340100000, 50000,600000, 49999,     0
155, 05-17 22:17:35,1, 31260, 28220,100653,338800000, 50000,600000, 49999,     0
156, 05-17 22:17:36,1, 31270, 28210,100655,339100000, 50000,600000, 49999,     0
157, 05-17 22:17:37,1, 31270, 28210,100659,339500000, 50000,600000, 49999,     0
158, 05-17 22:17:38,1, 31280, 28193,100657,339800000, 50000,600000, 49999,     0
159, 05-17 22:17:39,1, 31290, 28190,100655,339500000, 50000,600000, 49999,     0
160, 05-17 22:17:40,1, 31290, 28190,100657,338800000, 50000,600000, 49999,     0
161, 05-17 22:17:41,1, 31310, 28191,100655,339800000, 50000,600000, 49999,     0
162, 05-17 22:17:42,1, 31310, 28175,100655,342500000, 50000,600000, 49999,     0
163, 05-17 22:17:43,1, 31320, 28193,100657,339100000, 50000,600000, 49999,     0
164, 05-17 22:17:44,1, 31330, 28176,100655,340500000, 50000,600000, 49999,     0
165, 05-17 22:17:45,1, 31340, 28172,100657,340100000, 50000,600000, 49999,     0
166, 05-17 22:17:46,1, 31340, 28172,100657,339500000, 50000,600000, 49999,     0
167, 05-17 22:17:47,1, 31350, 28175,100655,341500000, 50000,600000, 49999,     0
168, 05-17 22:17:48,1, 31360, 28171,100657,340100000, 50000,600000, 49999,     0
169, 05-17 22:17:49,1, 31370, 28171,100655,340100000, 50000,600000, 49999,     0
170, 05-17 22:17:50,1, 31370, 28177,100655,340100000, 50000,600000, 49999,     0
171, 05-17 22:17:51,1, 31380, 28185,100655,340500000, 50000,600000, 49999,     0
172, 05-17 22:17:52,1, 31390, 28190,100655,340100000, 50000,600000, 49999,     0
173, 05-17 22:17:53,1, 31400, 28182,100657,341500000, 50000,600000, 49999,     0
174, 05-17 22:17:54,1, 31410, 28199,100657,340500000, 50000,600000, 49999,     0
175, 05-17 22:17:55,1, 31420, 28199,100657,339500000, 50000,600000, 49999,     0
176, 05-17 22:17:56,1, 31420, 28187,100657,339800000, 50000,600000, 49999,     0
177, 05-17 22:17:57,1, 31430, 28206,100655,340100000, 50000,600000, 49999,     0
178, 05-17 22:17:58,1, 31440, 28206,100657,339800000, 50000,600000, 49999,     0
179, 05-17 22:17:59,1, 31450, 28221,100655,339500000, 50000,600000, 49999,     0
180, 05-17 22:18:00,1, 31460, 28232,100661,339800000, 50000,600000, 49999,     0
181, 05-17 22:18:01,1, 31460, 28227,100657,341500000, 50000,600000, 49999,     0
182, 05-17 22:18:02,1, 31470, 28222,100657,339500000, 50000,600000, 49999,     0
183, 05-17 22:18:03,1, 31480, 28251,100657,341900000, 50000,600000, 49999,     0
184, 05-17 22:18:04,1, 31490, 28247,100655,339500000, 50000,600000, 49999,     0
185, 05-17 22:18:05,1, 31500, 28265,100659,338800000, 50000,600000, 49999,     0
186, 05-17 22:18:06,1, 31500, 28276,100657,340100000, 50000,600000, 49999,     0
187, 05-17 22:18:07,1, 31510, 28276,100657,339500000, 50000,600000, 49999,     0
188, 05-17 22:18:08,1, 31510, 28298,100659,340100000, 50000,600000, 49999,     0
189, 05-17 22:18:09,1, 31530, 28307,100657,339500000, 50000,600000, 49999,     0
190, 05-17 22:18:10,1, 31530, 28296,100655,340500000, 50000,600000, 49999,     0
191, 05-17 22:18:11,1, 31540, 28308,100657,338100000, 50000,600000, 49999,     0
192, 05-17 22:18:12,1, 31540, 28319,100655,340800000, 50000,600000, 49999,     0
193, 05-17 22:18:13,1, 31550, 28316,100655,340100000, 50000,600000, 49999,     0
194, 05-17 22:18:14,1, 31560, 28323,100657,339500000, 50000,600000, 49999,     0
195, 05-17 22:18:15,1, 31560, 28333,100655,339800000, 50000,600000, 49999,     0
196, 05-17 22:18:16,1, 31570, 28344,100655,339100000, 50000,600000, 49999,     0
197, 05-17 22:18:17,1, 31580, 28347,100655,338500000, 50000,600000, 49999,     0
198, 05-17 22:18:18,1, 31590, 28358,100653,338800000, 50000,600000, 49999,     0
199, 05-17 22:18:19,1, 31600, 28351,100655,339500000, 50000,600000, 49999,     0
200, 05-17 22:18:20,1, 31600, 28356,100655,340800000, 50000,600000, 49999,     0
201, 05-17 22:18:21,1, 31610, 28356,100655,338500000, 50000,600000, 49999,     0
202, 05-17 22:18:22,1, 31620, 28362,100657,339800000, 50000,600000, 49999,     0
203, 05-17 22:18:23,1, 31630, 28374,100655,339500000, 50000,600000, 49999,     0
204, 05-17 22:18:24,1, 31640, 28336,100657,339100000, 50000,600000, 49999,     0
205, 05-17 22:18:25,1, 31640, 28368,100655,339100000, 50000,600000, 49999,     0
206, 05-17 22:18:26,1, 31650, 28356,100659,339100000, 50000,600000, 49999,     0
207, 05-17 22:18:27,1, 31650, 28350,100655,341200000, 50000,600000, 49999,     0
208, 05-17 22:18:28,1, 31660, 28350,100657,340100000, 50000,600000, 49999,     0
209, 05-17 22:18:29,1, 31670, 28329,100657,339500000, 50000,600000, 49999,     0
210, 05-17 22:18:30,1, 31670, 28329,100655,339100000, 50000,600000, 49999,     0
211, 05-17 22:18:31,1, 31680, 28324,100659,339500000, 50000,600000, 49999,     0
212, 05-17 22:18:32,1, 31690, 28316,100659,340800000, 50000,600000, 49999,     0
213, 05-17 22:18:33,1, 31700, 28323,100659,340100000, 50000,600000, 49999,     0
214, 05-17 22:18:34,1, 31700, 28307,100657,340100000, 50000,600000, 49999,     0
215, 05-17 22:18:35,1, 31710, 28284,100657,340800000, 50000,600000, 49999,     0
216, 05-17 22:18:36,1, 31710, 28273,100657,340800000, 50000,600000, 49999,     0
217, 05-17 22:18:37,1, 31720, 28247,100657,340800000, 50000,600000, 49999,     0
218, 05-17 22:18:38,1, 31730, 28247,100657,341200000, 50000,600000, 49999,     0
219, 05-17 22:18:39,1, 31730, 28231,100653,341500000, 50000,600000, 49999,     0
220, 05-17 22:18:40,1, 31740, 28210,100657,341500000, 50000,600000, 49999,     0
221, 05-17 22:18:41,1, 31750, 28201,100655,340800000, 50000,600000, 49999,     0
222, 05-17 22:18:42,1, 31750, 28184,100655,340500000, 50000,600000, 49999,     0
223, 05-17 22:18:43,1, 31760, 28163,100657,340100000, 50000,600000, 49999,     0
224, 05-17 22:18:44,1, 31770, 28147,100657,341200000, 50000,600000, 49999,     0
225, 05-17 22:18:45,1, 31770, 28147,100655,342200000, 50000,600000, 49999,     0
226, 05-17 22:18:46,1, 31780, 28127,100657,341200000, 50000,600000, 49999,     0
227, 05-17 22:18:47,1, 31780, 28088,100657,342200000, 50000,600000, 49999,     0
228, 05-17 22:18:48,1, 31790, 28077,100655,340500000, 50000,600000, 49999,     0
229, 05-17 22:18:49,1, 31790, 28066,100655,342200000, 50000,600000, 49999,     0
230, 05-17 22:18:50,1, 31800, 28052,100655,341900000, 50000,600000, 49999,     0
231, 05-17 22:18:51,1, 31810, 28025,100653,345700000, 50000,600000, 49999,     0
232, 05-17 22:18:52,1, 31810, 28008,100651,341900000, 50000,600000, 49999,     0
233, 05-17 22:18:53,1, 31820, 27991,100657,343200000, 50000,600000, 49999,     0
234, 05-17 22:18:54,1, 31840, 27988,100659,342500000, 50000,600000, 49999,     0
235, 05-17 22:18:55,1, 31830, 27955,100657,342500000, 50000,600000, 49999,     0
236, 05-17 22:18:56,1, 31840, 27955,100661,342500000, 50000,600000, 49999,     0
237, 05-17 22:18:57,1, 31840, 27927,100657,342500000, 50000,600000, 49999,     0
238, 05-17 22:18:58,1, 31850, 27903,100657,348100000, 50000,600000, 49999,     0
239, 05-17 22:18:59,1, 31860, 27882,100659,342900000, 50000,600000, 49999,     0
240, 05-17 22:19:00,1, 31860, 27882,100657,343200000, 50000,600000, 49999,     0
241, 05-17 22:19:01,1, 31870, 27856,100657,343200000, 50000,600000, 49999,     0
242, 05-17 22:19:02,1, 31880, 27850,100659,345000000, 50000,600000, 49999,     0
243, 05-17 22:19:03,1, 31880, 27822,100659,346700000, 50000,600000, 49999,     0
244, 05-17 22:19:04,1, 31880, 27801,100657,342900000, 50000,600000, 49999,     0
245, 05-17 22:19:05,1, 31890, 27802,100655,344600000, 50000,600000, 49999,     0
246, 05-17 22:19:06,1, 31900, 27776,100655,343600000, 50000,600000, 49999,     0
247, 05-17 22:19:07,1, 31900, 27771,100659,345000000, 50000,600000, 49999,     0
248, 05-17 22:19:08,1, 31910, 27760,100657,342900000, 50000,600000, 49999,     0
249, 05-17 22:19:09,1, 31920, 27745,100655,344300000, 50000,600000, 49999,     0
250, 05-17 22:19:10,1, 31920, 27728,100657,344300000, 50000,600000, 49999,     0
251, 05-17 22:19:11,1, 31930, 27717,100657,347400000, 50000,600000, 49999,     0
252, 05-17 22:19:12,1, 31930, 27701,100657,347400000, 50000,600000, 49999,     0
253, 05-17 22:19:13,1, 31940, 27708,100655,343900000, 50000,600000, 49999,     0
254, 05-17 22:19:14,1, 31950, 27676,100655,343900000, 50000,600000, 49999,     0
255, 05-17 22:19:15,1, 31950, 27671,100655,349200000, 50000,600000, 49999,     0
256, 05-17 22:19:16,1, 31960, 27683,100659,345300000, 50000,600000, 49999,     0
257, 05-17 22:19:17,1, 31960, 27672,100657,346700000, 50000,600000, 49999,     0
258, 05-17 22:19:18,1, 31970, 27672,100655,346400000, 50000,600000, 49999,     0
259, 05-17 22:19:19,1, 31970, 27683,100657,346700000, 50000,600000, 49999,     0
260, 05-17 22:19:20,1, 31970, 27661,100655,343200000, 50000,600000, 49999,     0
261, 05-17 22:19:21,1, 31980, 27657,100657,343600000, 50000,600000, 49999,     0
262, 05-17 22:19:22,1, 31990, 27657,100657,346700000, 50000,600000, 49999,     0
263, 05-17 22:19:23,1, 31990, 27657,100655,343600000, 50000,600000, 49999,     0
264, 05-17 22:19:24,1, 31990, 27625,100655,347100000, 50000,600000, 49999,     0
265, 05-17 22:19:25,1, 32000, 27661,100657,348100000, 50000,600000, 49999,     0
266, 05-17 22:19:26,1, 32000, 27639,100657,346000000, 50000,600000, 49999,     0
267, 05-17 22:19:27,1, 32009, 27635,100655,341900000, 50000,600000, 49999,     0
268, 05-17 22:19:28,1, 32020, 27635,100653,344300000, 50000,600000, 49999,     0
269, 05-17 22:19:29,1, 32020, 27628,100661,342900000, 50000,600000, 49999,     0
270, 05-17 22:19:30,1, 32029, 27631,100659,349900000, 50000,600000, 49999,     0
271, 05-17 22:19:31,1, 32029, 27647,100659,347400000, 50000,600000, 49999,     0
272, 05-17 22:19:32,1, 32050, 27645,100661,343600000, 50000,600000, 49999,     0
273, 05-17 22:19:33,1, 32050, 27645,100661,345700000, 50000,600000, 49999,     0
274, 05-17 22:19:34,1, 32050, 27662,100657,345300000, 50000,600000, 49999,     0
275, 05-17 22:19:35,1, 32060, 27656,100655,345300000, 50000,600000, 49999,     0
276, 05-17 22:19:36,1, 32070, 27652,100659,351000000, 50000,600000, 49999,     0
277, 05-17 22:19:37,1, 32070, 27663,100659,347800000, 50000,600000, 49999,     0
278, 05-17 22:19:38,1, 32080, 27675,100655,344600000, 50000,600000, 49999,     0
279, 05-17 22:19:39,1, 32080, 27668,100655,344300000, 50000,600000, 49999,     0
280, 05-17 22:19:40,1, 32090, 27671,100659,348500000, 50000,600000, 49999,     0
281, 05-17 22:19:41,1, 32090, 27676,100657,345300000, 50000,600000, 49999,     0
282, 05-17 22:19:42,1, 32099, 27688,100655,348100000, 50000,600000, 49999,     0
283, 05-17 22:19:43,1, 32099, 27656,100653,348800000, 50000,600000, 49999,     0
284, 05-17 22:19:44,1, 32110, 27672,100657,347100000, 50000,600000, 49999,     0
285, 05-17 22:19:45,1, 32110, 27667,100655,344600000, 50000,600000, 49999,     0
286, 05-17 22:19:46,1, 32119, 27652,100653,348800000, 50000,600000, 49999,     0
287, 05-17 22:19:47,1, 32119, 27652,100657,346400000, 50000,600000, 49999,     0
288, 05-17 22:19:48,1, 32130, 27641,100657,348500000, 50000,600000, 49999,     0
289, 05-17 22:19:50,1, 32130, 27641,100657,343200000, 50000,600000, 49999,     0
290, 05-17 22:19:51,1, 32140, 27637,100655,346400000, 50000,600000, 49999,     0
291, 05-17 22:19:52,1, 32140, 27604,100657,344300000, 50000,600000, 49999,     0
292, 05-17 22:19:53,1, 32150, 27595,100655,341200000, 50000,600000, 49999,     0
293, 05-17 22:19:54,1, 32150, 27583,100655,341900000, 50000,600000, 49999,     0
294, 05-17 22:19:55,1, 32160, 27580,100655,344600000, 50000,600000, 49999,     0
295, 05-17 22:19:56,1, 32160, 27547,100657,340500000, 50000,600000, 49999,     0
296, 05-17 22:19:57,1, 32169, 27542,100655,346400000, 50000,600000, 49999,     0
297, 05-17 22:19:58,1, 32180, 27517,100657,345300000, 50000,600000, 49999,     0
298, 05-17 22:19:59,1, 32180, 27506,100655,341900000, 50000,600000, 49999,     0
299, 05-17 22:20:00,1, 32180, 27472,100655,346700000, 50000,600000, 49999,     0
300, 05-17 22:20:01,1, 32189, 27472,100655,346700000, 50000,600000, 49999,     0
301, 05-17 22:20:02,1, 32189, 27467,100655,346700000, 50000,600000, 49999,   -44
302, 05-17 22:20:03,1, 32200, 27453,100655,349200000, 50000,600000, 49999, -3365
303, 05-17 22:20:04,1, 32210, 27458,100659,342900000, 50000,600000, 49999,     0
304, 05-17 22:20:05,1, 32210, 27437,100659,345700000, 50000,600000, 49999,     0
305, 05-17 22:20:06,1, 32220, 27426,100657,341900000, 50631,601102, 50313,  4206
306, 05-17 22:20:07,1, 32220, 27409,100655,346400000, 50338,600591, 50168,  2258
307, 05-17 22:20:08,1, 32230, 27411,100659,343600000, 50612,601070, 50304,  4083
308, 05-17 22:20:09,1, 32230, 27394,100659,342200000, 51124,601964, 50559,  7493
309, 05-17 22:20:10,1, 32230, 27406,100657,346700000, 50710,601240, 50352,  4733
310, 05-17 22:20:11,1, 32240, 27383,100657,343900000, 50879,601535, 50437,  5860
311, 05-17 22:20:12,1, 32250, 27387,100659,341500000, 51486,602597, 50741,  9909
312, 05-17 22:20:13,1, 32259, 27371,100657,345300000, 51289,602253, 50642,  8595
313, 05-17 22:20:14,1, 32250, 27365,100655,345000000, 51174,602051, 50584,  7828
314, 05-17 22:20:15,1, 32259, 27354,100659,346700000, 50745,601302, 50370,  4969
315, 05-17 22:20:16,1, 32270, 27339,100659,348500000, 50023,600041, 50011,   157
316, 05-17 22:20:17,1, 32270, 27339,100659,349900000, 50000,600000, 49999, -3582
317, 05-17 22:20:18,1, 32279, 27328,100659,349900000, 50000,600000, 49999, -7006
318, 05-17 22:20:19,1, 32279, 27306,100659,347100000, 50000,600000, 49999, -6258
319, 05-17 22:20:20,1, 32279, 27262,100661,345700000, 50000,600000, 49999, -3582
320, 05-17 22:20:21,1, 32290, 27280,100659,347100000, 50000,600000, 49999, -2804
321, 05-17 22:20:22,1, 32290, 27252,100659,344600000, 50000,600000, 49999,     0
322, 05-17 22:20:23,1, 32290, 27242,100659,346700000, 50000,600000, 49999,     0
323, 05-17 22:20:24,1, 32300, 27232,100657,348800000, 50000,600000, 49999, -1180
324, 05-17 22:20:25,1, 32310, 27221,100659,345300000, 50000,600000, 49999,     0
325, 05-17 22:20:26,1, 32300, 27221,100659,345300000, 50198,600346, 50098,  1323
326, 05-17 22:20:27,1, 32310, 27221,100659,346000000, 50238,600416, 50118,  1589
327, 05-17 22:20:28,1, 32310, 27216,100659,346000000, 50274,600479, 50136,  1830
328, 05-17 22:20:29,1, 32320, 27212,100659,348100000, 50000,600000, 49999,     0
329, 05-17 22:20:30,1, 32320, 27207,100659,347400000, 50000,600000, 49999,     0
330, 05-17 22:20:31,1, 32330, 27179,100659,347400000, 50000,600000, 49999,     0
331, 05-17 22:20:32,1, 32330, 27179,100659,347800000, 50000,600000, 49999,     0
332, 05-17 22:20:33,1, 32330, 27169,100659,344600000, 50366,600640, 50181,  2445
333, 05-17 22:20:34,1, 32340, 27170,100661,345300000, 50591,601034, 50294,  3946
334, 05-17 22:20:35,1, 32340, 27148,100661,342200000, 51388,602425, 50692,  9255
335, 05-17 22:20:36,1, 32349, 27128,100659,346700000, 51226,602143, 50611,  8177
336, 05-17 22:20:37,1, 32360, 27129,100659,349200000, 50606,601060, 50301,  4044
337, 05-17 22:20:38,1, 32360, 27119,100657,348100000, 50267,600468, 50132,  1786
338, 05-17 22:20:39,1, 32369, 27103,100661,347400000, 50101,600178, 50050,   679
339, 05-17 22:20:40,1, 32360, 27097,100657,346400000, 50147,600257, 50073,   984
340, 05-17 22:20:41,1, 32369, 27108,100659,344300000, 50587,601026, 50291,  3916
341, 05-17 22:20:42,1, 32369, 27097,100659,348100000, 50249,600435, 50123,  1663
342, 05-17 22:20:43,1, 32369, 27085,100657,347800000, 50009,600016, 50004,    63
343, 05-17 22:20:44,1, 32380, 27098,100659,346400000, 50061,600107, 50030,   408
344, 05-17 22:20:45,1, 32390, 27088,100661,346000000, 50181,600317, 50089,  1210
345, 05-17 22:20:46,1, 32390, 27088,100661,346400000, 50211,600368, 50104,  1407
346, 05-17 22:20:47,1, 32400, 27085,100661,346400000, 50235,600411, 50116,  1569
347, 05-17 22:20:48,1, 32390, 27088,100661,347100000, 50123,600215, 50061,   821
348, 05-17 22:20:49,1, 32400, 27097,100661,347100000, 50020,600036, 50010,   137
349, 05-17 22:20:50,1, 32400, 27090,100661,346400000, 50064,600113, 50032,   432
350, 05-17 22:20:51,1, 32410, 27090,100659,346000000, 50177,600309, 50087,  1180
351, 05-17 22:20:52,1, 32419, 27102,100659,346400000, 50196,600343, 50097,  1308
352, 05-17 22:20:53,1, 32419, 27090,100659,346700000, 50155,600272, 50077,  1038
353, 05-17 22:20:54,1, 32419, 27090,100661,346400000, 50176,600308, 50087,  1175
354, 05-17 22:20:55,1, 32430, 27059,100661,346000000, 50270,600473, 50134,  1805
355, 05-17 22:20:56,1, 32430, 27075,100661,346000000, 50352,600615, 50174,  2347
356, 05-17 22:20:57,1, 32430, 27059,100661,346000000, 50424,600741, 50210,  2829
357, 05-17 22:20:58,1, 32430, 27059,100661,346000000, 50487,600851, 50241,  3247
358, 05-17 22:20:59,1, 32439, 27054,100661,347100000, 50330,600577, 50164,  2204
359, 05-17 22:21:00,1, 32439, 27048,100657,346700000, 50267,600468, 50132,  1786
360, 05-17 22:21:01,1, 32450, 27068,100659,345300000, 50476,600833, 50236,  3178
361, 05-17 22:21:02,1, 32460, 27057,100657,348100000, 50123,600215, 50061,   821
362, 05-17 22:21:03,1, 32460, 27052,100657,347100000, 50002,600003, 50001,    14
363, 05-17 22:21:04,1, 32450, 27040,100657,343600000, 50567,600991, 50281,  3783
364, 05-17 22:21:05,1, 32460, 27040,100657,346000000, 50602,601053, 50299,  4019
365, 05-17 22:21:06,1, 32460, 27030,100659,348100000, 50233,600408, 50115,  1559
366, 05-17 22:21:07,1, 32470, 27025,100661,345700000, 50364,600637, 50180,  2430
367, 05-17 22:21:08,1, 32470, 27015,100661,344300000, 50748,601307, 50372,  4989
368, 05-17 22:21:09,1, 32480, 27009,100661,349900000, 50015,600027, 50007,   103
369, 05-17 22:21:10,1, 32480, 26993,100659,348500000, 50000,600000, 49999,  -152
370, 05-17 22:21:11,1, 32480, 26999,100659,345700000, 50118,600207, 50058,   792
371, 05-17 22:21:12,1, 32490, 26995,100659,346700000, 50099,600174, 50049,   664
372, 05-17 22:21:13,1, 32490, 26979,100661,347100000, 50007,600012, 50003,    49
373, 05-17 22:21:14,1, 32490, 26974,100659,345700000, 50193,600337, 50095,  1289
374, 05-17 22:21:15,1, 32500, 26975,100659,344600000, 50566,600989, 50281,  3773
375, 05-17 22:21:16,1, 32500, 26959,100663,347100000, 50416,600727, 50206,  2775
376, 05-17 22:21:17,1, 32509, 26948,100661,345700000, 50551,600963, 50273,  3675
377, 05-17 22:21:18,1, 32509, 26936,100659,346700000, 50479,600837, 50237,  3193
378, 05-17 22:21:19,1, 32509, 26931,100659,347800000, 50205,600358, 50101,  1367
379, 05-17 22:21:20,1, 32509, 26899,100659,348800000, 50000,600000, 49999,     0
380, 05-17 22:21:21,1, 32520, 26900,100659,346000000, 50116,600203, 50057,   777
381, 05-17 22:21:22,1, 32520, 26900,100657,344600000, 50520,600909, 50258,  3468
382, 05-17 22:21:23,1, 32529, 26884,100661,345700000, 50664,601162, 50330,  4433
383, 05-17 22:21:24,1, 32529, 26878,100659,345000000, 50926,601618, 50460,  6175
384, 05-17 22:21:25,1, 32529, 26878,100659,346700000, 50831,601452, 50413,  5540
385, 05-17 22:21:26,1, 32529, 26867,100659,348800000, 50346,600604, 50171,  2307
386, 05-17 22:21:27,1, 32540, 26864,100657,345000000, 50644,601125, 50320,  4295
387, 05-17 22:21:28,1, 32540, 26864,100659,348100000, 50313,600548, 50155,  2091
388, 05-17 22:21:29,1, 32550, 26842,100659,346400000, 50346,600606, 50172,  2312
389, 05-17 22:21:30,1, 32550, 26832,100659,346400000, 50377,600659, 50187,  2514
390, 05-17 22:21:31,1, 32550, 26854,100659,345000000, 50670,601170, 50332,  4467
391, 05-17 22:21:32,1, 32550, 26837,100657,345000000, 50929,601623, 50462,  6194
392, 05-17 22:21:33,1, 32560, 26827,100659,345300000, 51099,601921, 50547,  7331
393, 05-17 22:21:34,1, 32560, 26845,100657,346000000, 51113,601946, 50554,  7424
394, 05-17 22:21:35,1, 32560, 26827,100659,346000000, 51127,601969, 50561,  7513
395, 05-17 22:21:36,1, 32570, 26845,100661,344600000, 51404,602454, 50700,  9363
396, 05-17 22:21:37,1, 32570, 26839,100661,345300000, 51514,602646, 50755, 10096
397, 05-17 22:21:38,1, 32570, 26827,100659,348500000, 51000,601747, 50497,  6667
398, 05-17 22:21:39,1, 32580, 26835,100659,347100000, 50810,601416, 50402,  5402
399, 05-17 22:21:40,1, 32580, 26824,100661,347100000, 50644,601125, 50320,  4295
400, 05-17 22:21:41,1, 32590, 26841,100661,347100000, 50493,600861, 50244,  3286
401, 05-17 22:21:42,1, 32590, 26830,100661,348100000, 50169,600295, 50083,  1126
402, 05-17 22:21:43,1, 32590, 26841,100659,349900000, 50000,600000, 49999,  -787
403, 05-17 22:21:44,1, 32590, 26835,100659,347800000, 50000,600000, 49999,     0
404, 05-17 22:21:45,1, 32599, 26832,100659,346400000, 50073,600128, 50036,   492
405, 05-17 22:21:46,1, 32599, 26832,100657,346400000, 50186,600326, 50092,  1244
406, 05-17 22:21:47,1, 32610, 26832,100661,345700000, 50417,600728, 50206,  2780
407, 05-17 22:21:48,1, 32610, 26827,100661,343900000, 50966,601689, 50481,  6445
408, 05-17 22:21:49,1, 32610, 26839,100659,345700000, 51102,601926, 50549,  7351
409, 05-17 22:21:50,1, 32610, 26839,100659,347800000, 50819,601431, 50407,  5461
410, 05-17 22:21:51,1, 32610, 26822,100659,348500000, 50436,600763, 50216,  2912
411, 05-17 22:21:52,1, 32610, 26832,100659,345300000, 50710,601240, 50352,  4733
412, 05-17 22:21:53,1, 32619, 26822,100657,345300000, 50949,601659, 50472,  6332
413, 05-17 22:21:54,1, 32630, 26829,100659,347800000, 50679,601186, 50337,  4526
414, 05-17 22:21:55,1, 32630, 26835,100661,348100000, 50380,600664, 50188,  2534
415, 05-17 22:21:56,1, 32619, 26827,100657,348100000, 50118,600207, 50058,   792
416, 05-17 22:21:57,1, 32640, 26812,100659,346000000, 50287,600501, 50142,  1914
417, 05-17 22:21:58,1, 32640, 26829,100659,346400000, 50355,600621, 50176,  2371
418, 05-17 22:21:59,1, 32640, 26818,100657,347100000, 50282,600493, 50140,  1884
419, 05-17 22:22:00,1, 32640, 26812,100657,347400000, 50159,600278, 50079,  1062
420, 05-17 22:22:01,1, 32640, 26807,100657,345300000, 50453,600791, 50224,  3021
421, 05-17 22:22:02,1, 32650, 26795,100659,345700000, 50634,601109, 50315,  4231
422, 05-17 22:22:03,1, 32650, 26784,100659,345700000, 50793,601386, 50394,  5289
423, 05-17 22:22:04,1, 32650, 26778,100659,346700000, 50741,601296, 50368,  4945
424, 05-17 22:22:05,1, 32660, 26773,100657,347400000, 50560,600980, 50278,  3739
425, 05-17 22:22:06,1, 32660, 26768,100659,349200000, 50057,600100, 50028,   383
426, 05-17 22:22:07,1, 32669, 26758,100661,345000000, 50415,600726, 50206,  2770
427, 05-17 22:22:08,1, 32669, 26742,100659,345700000, 50597,601044, 50296,  3985
428, 05-17 22:22:09,1, 32669, 26758,100659,345300000, 50832,601454, 50414,  5550
429, 05-17 22:22:10,1, 32669, 26737,100661,345000000, 51098,601918, 50546,  7321
430, 05-17 22:22:11,1, 32680, 26720,100659,347800000, 50796,601391, 50395,  5309
431, 05-17 22:22:12,1, 32680, 26714,100659,347800000, 50529,600924, 50262,  3527
432, 05-17 22:22:13,1, 32680, 26698,100657,347100000, 50427,600746, 50212,  2848
433, 05-17 22:22:14,1, 32689, 26705,100659,346000000, 50546,600954, 50271,  3641
434, 05-17 22:22:15,1, 32689, 26694,100659,347800000, 50307,600537, 50152,  2051
435, 05-17 22:22:16,1, 32700, 26696,100661,347100000, 50228,600398, 50113,  1520
436, 05-17 22:22:17,1, 32700, 26684,100661,346000000, 50369,600644, 50183,  2460
437, 05-17 22:22:18,1, 32700, 26684,100661,346000000, 50493,600861, 50244,  3286
438, 05-17 22:22:19,1, 32700, 26673,100659,347400000, 50335,600585, 50166,  2233
439, 05-17 22:22:20,1, 32710, 26657,100663,345300000, 50597,601044, 50296,  3985
440, 05-17 22:22:21,1, 32710, 26652,100661,347100000, 50484,600846, 50240,  3227
441, 05-17 22:22:22,1, 32720, 26664,100659,345000000, 50783,601369, 50389,  5225
442, 05-17 22:22:23,1, 32720, 26648,100661,349200000, 50245,600428, 50121,  1633
443, 05-17 22:22:24,1, 32720, 26653,100659,346400000, 50303,600530, 50150,  2022
444, 05-17 22:22:25,1, 32720, 26637,100655,345300000, 50567,600991, 50281,  3783
445, 05-17 22:22:26,1, 32720, 26621,100657,346000000, 50667,601165, 50331,  4448
446, 05-17 22:22:27,1, 32720, 26609,100659,346000000, 50756,601321, 50376,  5043
447, 05-17 22:22:28,1, 32730, 26604,100661,345000000, 51026,601793, 50511,  6844
448, 05-17 22:22:29,1, 32730, 26588,100661,347400000, 50804,601405, 50400,  5363
449, 05-17 22:22:30,1, 32740, 26600,100659,344300000, 51201,602099, 50598,  8010
450, 05-17 22:22:31,1, 32740, 26589,100659,346400000, 51149,602007, 50572,  7661
451, 05-17 22:22:32,1, 32740, 26594,100657,345000000, 51371,602396, 50683,  9142
452, 05-17 22:22:33,1, 32750, 26591,100659,345300000, 51507,602634, 50752, 10052
453, 05-17 22:22:34,1, 32750, 26585,100659,348100000, 51090,601906, 50543,  7272
454, 05-17 22:22:35,1, 32750, 26585,100661,349900000, 50380,600665, 50188,  2538
455, 05-17 22:22:36,1, 32759, 26576,100661,345000000, 50690,601207, 50343,  4605
456, 05-17 22:22:37,1, 32750, 26574,100659,347400000, 50504,600882, 50250,  3365
457, 05-17 22:22:38,1, 32759, 26576,100661,344600000, 50876,601532, 50436,  5845
458, 05-17 22:22:39,1, 32759, 26582,100661,347400000, 50666,601164, 50331,  4443
459, 05-17 22:22:40,1, 32770, 26576,100665,345000000, 50940,601643, 50467,  6268
460, 05-17 22:22:41,1, 32759, 26576,100657,345300000, 51124,601965, 50560,  7498
461, 05-17 22:22:42,1, 32770, 26582,100663,346700000, 51015,601774, 50505,  6770
462, 05-17 22:22:43,1, 32770, 26593,100665,348500000, 50573,601002, 50284,  3823
463, 05-17 22:22:44,1, 32780, 26599,100661,348500000, 50181,600317, 50089,  1210
464, 05-17 22:22:45,1, 32780, 26604,100661,347400000, 50044,600077, 50021,   295
465, 05-17 22:22:46,1, 32790, 26594,100665,345700000, 50247,600433, 50122,  1653
466, 05-17 22:22:47,1, 32790, 26599,100665,346700000, 50233,600408, 50115,  1559
467, 05-17 22:22:48,1, 32790, 26599,100663,343900000, 50760,601329, 50378,  5072
468, 05-17 22:22:49,1, 32790, 26599,100663,346700000, 50684,601196, 50340,  4566
469, 05-17 22:22:50,1, 32790, 26604,100663,346000000, 50750,601311, 50373,  5004
470, 05-17 22:22:51,1, 32790, 26611,100661,347400000, 50538,600940, 50267,  3586
471, 05-17 22:22:52,1, 32800, 26608,100661,345300000, 50752,601314, 50373,  5013
472, 05-17 22:22:53,1, 32800, 26608,100663,344300000, 51132,601979, 50564,  7552
473, 05-17 22:22:54,1, 32810, 26604,100663,347400000, 50870,601520, 50432,  5801
474, 05-17 22:22:55,1, 32810, 26615,100663,346000000, 50904,601579, 50449,  6027
475, 05-17 22:22:56,1, 32810, 26615,100661,348100000, 50530,600927, 50263,  3537
476, 05-17 22:22:57,1, 32820, 26615,100661,346700000, 50465,600813, 50231,  3104
477, 05-17 22:22:58,1, 32810, 26604,100661,348500000, 50065,600114, 50032,   437
478, 05-17 22:22:59,1, 32820, 26599,100661,348500000, 50000,600000, 49999,     0
479, 05-17 22:23:00,1, 32820, 26593,100659,343900000, 50524,600915, 50260,  3493
480, 05-17 22:23:01,1, 32830, 26584,100661,346700000, 50485,600848, 50241,  3237
481, 05-17 22:23:02,1, 32830, 26600,100661,346400000, 50507,600886, 50251,  3380
482, 05-17 22:23:03,1, 32830, 26584,100661,345300000, 50737,601288, 50366,  4915
483, 05-17 22:23:04,1, 32840, 26578,100663,345300000, 50938,601640, 50467,  6258
484, 05-17 22:23:05,1, 32830, 26578,100661,345700000, 51039,601815, 50517,  6927
485, 05-17 22:23:06,1, 32840, 26562,100661,346700000, 50934,601632, 50464,  6229
486, 05-17 22:23:07,1, 32840, 26556,100661,348800000, 50439,600768, 50218,  2932
487, 05-17 22:23:08,1, 32840, 26568,100665,347800000, 50191,600335, 50095,  1279
488, 05-17 22:23:09,1, 32840, 26556,100661,349200000, 50000,600000, 49999,     0
489, 05-17 22:23:10,1, 32850, 26543,100661,345700000, 50193,600337, 50095,  1289
490, 05-17 22:23:11,1, 32850, 26526,100659,347800000, 50003,600006, 50001,    24
491, 05-17 22:23:12,1, 32860, 26515,100663,346700000, 50045,600079, 50022,   305
492, 05-17 22:23:13,1, 32850, 26499,100663,346400000, 50142,600248, 50070,   949
493, 05-17 22:23:14,1, 32860, 26494,100663,349600000, 50000,600000, 49999,  -290
494, 05-17 22:23:15,1, 32850, 26471,100663,347100000, 50000,600000, 49999,     0
495, 05-17 22:23:16,1, 32860, 26483,100661,346000000, 50208,600363, 50103,  1387
496, 05-17 22:23:17,1, 32860, 26477,100663,345300000, 50539,600942, 50267,  3596
497, 05-17 22:23:18,1, 32860, 26455,100659,347800000, 50352,600615, 50174,  2347
498, 05-17 22:23:19,1, 32860, 26444,100659,346700000, 50399,600697, 50198,  2661
499, 05-17 22:23:20,1, 32870, 26446,100661,346400000, 50496,600867, 50246,  3311
500, 05-17 22:23:21,1, 32880, 26435,100663,346700000, 50524,600915, 50260,  3493
501, 05-17 22:23:22,1, 32880, 26435,100661,348100000, 50278,600487, 50138,  1859
502, 05-17 22:23:23,1, 32880, 26446,100663,347800000, 50119,600208, 50059,   797
503, 05-17 22:23:24,1, 32880, 26424,100661,345700000, 50383,600670, 50190,  2558
504, 05-17 22:23:25,1, 32880, 26424,100659,345300000, 50694,601213, 50345,  4630
505, 05-17 22:23:26,1, 32890, 26420,100659,346400000, 50755,601319, 50375,  5033
506, 05-17 22:23:27,1, 32890, 26409,100663,346700000, 50751,601312, 50373,  5008
507, 05-17 22:23:28,1, 32880, 26396,100661,345700000, 50943,601648, 50469,  6288
508, 05-17 22:23:29,1, 32890, 26404,100661,348500000, 50572,600999, 50284,  3813
509, 05-17 22:23:30,1, 32890, 26382,100663,347100000, 50515,600901, 50256,  3439
510, 05-17 22:23:31,1, 32890, 26392,100663,345700000, 50733,601281, 50364,  4890
511, 05-17 22:23:32,1, 32900, 26384,100663,346700000, 50732,601280, 50364,  4885
512, 05-17 22:23:33,1, 32900, 26389,100663,347100000, 50655,601145, 50325,  4369
513, 05-17 22:23:34,1, 32900, 26384,100661,348800000, 50261,600456, 50129,  1741
514, 05-17 22:23:35,1, 32910, 26372,100663,348100000, 50047,600082, 50023,   314
515, 05-17 22:23:36,1, 32910, 26377,100661,348100000, 50000,600000, 49999,     0
516, 05-17 22:23:37,1, 32900, 26377,100659,347400000, 50000,600000, 49999,     0
517, 05-17 22:23:38,1, 32910, 26384,100663,347100000, 50018,600032, 50009,   123
518, 05-17 22:23:39,1, 32910, 26372,100661,347100000, 50043,600076, 50021,   290
519, 05-17 22:23:40,1, 32920, 26374,100661,347400000, 50006,600011, 50003,    44
520, 05-17 22:23:41,1, 32910, 26356,100663,349200000, 50000,600000, 49999,  -167
521, 05-17 22:23:42,1, 32920, 26380,100663,349600000, 50000,600000, 49999,  -984
522, 05-17 22:23:43,1, 32920, 26380,100663,347400000, 50000,600000, 49999,     0
523, 05-17 22:23:44,1, 32920, 26385,100663,348100000, 50000,600000, 49999,     0
524, 05-17 22:23:45,1, 32920, 26374,100663,347100000, 50102,600179, 50050,   683
525, 05-17 22:23:46,1, 32920, 26406,100663,347400000, 50146,600255, 50072,   974
526, 05-17 22:23:47,1, 32920, 26401,100661,348800000, 50000,600000, 49999,     0
527, 05-17 22:23:48,1, 32930, 26406,100661,347400000, 50050,600087, 50024,   334
528, 05-17 22:23:49,1, 32930, 26412,100663,347800000, 50028,600049, 50013,   186
529, 05-17 22:23:50,1, 32930, 26412,100663,347800000, 50007,600012, 50003,    49
530, 05-17 22:23:51,1, 32940, 26430,100663,348100000, 50000,600000, 49999,     0
531, 05-17 22:23:52,1, 32940, 26425,100663,349900000, 50000,600000, 49999,  -556
532, 05-17 22:23:53,1, 32930, 26418,100663,347100000, 50033,600058, 50016,   221
533, 05-17 22:23:54,1, 32940, 26420,100663,347100000, 50182,600318, 50090,  1215
534, 05-17 22:23:55,1, 32950, 26437,100667,347100000, 50309,600540, 50153,  2061
535, 05-17 22:23:56,1, 32940, 26404,100663,348100000, 50232,600406, 50115,  1549
536, 05-17 22:23:57,1, 32950, 26432,100667,347400000, 50294,600514, 50146,  1963
537, 05-17 22:23:58,1, 32950, 26410,100659,346000000, 50619,601082, 50307,  4128
538, 05-17 22:23:59,1, 32950, 26399,100661,346700000, 50771,601347, 50383,  5141
539, 05-17 22:24:00,1, 32950, 26416,100667,346400000, 50960,601679, 50478,  6406
540, 05-17 22:24:01,1, 32950, 26372,100661,347400000, 50938,601639, 50466,  6253
541, 05-17 22:24:02,1, 32960, 26379,100665,343900000, 51592,602781, 50794, 10613
542, 05-17 22:24:03,1, 32960, 26390,100663,344300000, 52088,603649, 51045, 13924
543, 05-17 22:24:04,1, 32970, 26381,100663,346700000, 52062,603603, 51031, 13747
544, 05-17 22:24:05,1, 32970, 26381,100665,346400000, 52094,603660, 51048, 13964
545, 05-17 22:24:06,1, 32960, 26367,100665,347400000, 51934,603380, 50967, 12896
546, 05-17 22:24:07,1, 32970, 26370,100665,348500000, 51579,602759, 50788, 10529
547, 05-17 22:24:08,1, 32970, 26375,100665,347100000, 51532,602678, 50764, 10219
548, 05-17 22:24:09,1, 32970, 26370,100665,345000000, 51896,603314, 50948, 12645
549, 05-17 22:24:10,1, 32970, 26370,100663,346400000, 51947,603403, 50973, 12984
550, 05-17 22:24:11,1, 32970, 26370,100663,346400000, 51991,603479, 50995, 13275
551, 05-17 22:24:12,1, 32980, 26376,100663,349900000, 51355,602369, 50675,  9038
552, 05-17 22:24:13,1, 32980, 26360,100665,346000000, 51544,602697, 50770, 10293
553, 05-17 22:24:14,1, 32980, 26360,100665,346400000, 51632,602852, 50815, 10883
554, 05-17 22:24:15,1, 32980, 26348,100663,346000000, 51788,603124, 50893, 11922
555, 05-17 22:24:16,1, 32990, 26371,100665,345300000, 52055,603591, 51028, 13703
556, 05-17 22:24:17,1, 32990, 26366,100661,346000000, 52155,603766, 51079, 14372
557, 05-17 22:24:18,1, 32990, 26366,100665,347400000, 51974,603449, 50987, 13162
558, 05-17 22:24:19,1, 32990, 26366,100667,347400000, 51813,603168, 50906, 12089
559, 05-17 22:24:20,1, 32990, 26360,100663,347400000, 51671,602921, 50834, 11144
560, 05-17 22:24:21,1, 33000, 26368,100665,346700000, 51677,602931, 50837, 11184
561, 05-17 22:24:22,1, 33000, 26352,100663,346400000, 51741,603042, 50869, 11607
562, 05-17 22:24:23,1, 33000, 26331,100663,347800000, 51529,602672, 50763, 10195
563, 05-17 22:24:24,1, 33000, 26336,100665,347400000, 51417,602477, 50707,  9452
564, 05-17 22:24:25,1, 33000, 26319,100663,348800000, 51051,601837, 50523,  7011
565, 05-17 22:24:26,1, 33000, 26308,100665,347800000, 50921,601610, 50458,  6145
566, 05-17 22:24:27,1, 33010, 26287,100667,347800000, 50806,601409, 50401,  5378
567, 05-17 22:24:28,1, 33000, 26303,100663,346400000, 50974,601702, 50484,  6494
568, 05-17 22:24:29,1, 33010, 26281,100663,347800000, 50853,601490, 50424,  5687
569, 05-17 22:24:30,1, 33010, 26276,100665,348100000, 50689,601204, 50342,  4595
570, 05-17 22:24:31,1, 33020, 26270,100665,345700000, 51005,601756, 50500,  6701
571, 05-17 22:24:32,1, 33020, 26243,100665,346400000, 51151,602011, 50573,  7675
572, 05-17 22:24:33,1, 33010, 26237,100665,346400000, 51282,602240, 50638,  8546
573, 05-17 22:24:34,1, 33020, 26253,100663,347400000, 51201,602099, 50598,  8010
574, 05-17 22:24:35,1, 33020, 26243,100665,347100000, 51189,602078, 50592,  7931
575, 05-17 22:24:36,1, 33020, 26232,100663,348100000, 50987,601725, 50491,  6583
576, 05-17 22:24:37,1, 33030, 26239,100667,346700000, 51077,601882, 50536,  7183
577, 05-17 22:24:38,1, 33030, 26233,100665,347800000, 50943,601649, 50469,  6293
578, 05-17 22:24:39,1, 33030, 26239,100663,346400000, 51096,601915, 50545,  7306
579, 05-17 22:24:40,1, 33030, 26239,100667,347100000, 51095,601913, 50545,  7301
580, 05-17 22:24:41,1, 33030, 26239,100667,346400000, 51228,602147, 50612,  8192
581, 05-17 22:24:42,1, 33050, 26253,100665,347100000, 51208,602111, 50601,  8054
582, 05-17 22:24:43,1, 33040, 26244,100665,345000000, 51596,602789, 50796, 10642
583, 05-17 22:24:44,1, 33040, 26266,100663,347100000, 51531,602675, 50764, 10209
584, 05-17 22:24:45,1, 33050, 26264,100663,346400000, 51606,602807, 50802, 10711
585, 05-17 22:24:46,1, 33050, 26253,100665,347400000, 51481,602588, 50739,  9875
586, 05-17 22:24:47,1, 33060, 26258,100665,345700000, 51695,602962, 50846, 11302
587, 05-17 22:24:48,1, 33050, 26269,100663,347800000, 51479,602584, 50737,  9860
588, 05-17 22:24:49,1, 33060, 26269,100665,346700000, 51498,602617, 50747,  9988
589, 05-17 22:24:50,1, 33050, 26281,100663,346700000, 51514,602646, 50755, 10096
590, 05-17 22:24:51,1, 33060, 26302,100663,346700000, 51524,602663, 50760, 10160
591, 05-17 22:24:52,1, 33060, 26313,100663,346700000, 51530,602674, 50763, 10204
592, 05-17 22:24:53,1, 33060, 26302,100663,348100000, 51266,602213, 50631,  8443
593, 05-17 22:24:55,1, 33060, 26313,100663,349600000, 50745,601302, 50370,  4969
594, 05-17 22:24:56,1, 33070, 26309,100661,346000000, 50974,601702, 50484,  6494
595, 05-17 22:24:57,1, 33070, 26326,100661,347100000, 50960,601679, 50478,  6406
596, 05-17 22:24:58,1, 33070, 26331,100663,350300000, 50334,600584, 50165,  2228
597, 05-17 22:24:59,1, 33060, 26308,100665,346400000, 50532,600929, 50264,  3547
598, 05-17 22:25:00,1, 33070, 26303,100661,348100000, 50376,600657, 50186,  2509
599, 05-17 22:25:01,1, 33070, 26298,100661,348800000, 50104,600183, 50051,   698
600, 05-17 22:25:02,1, 33070, 26298,100665,346000000, 50402,600702, 50199,  2681
601, 05-17 22:25:03,1, 33070, 26309,100665,348500000, 50182,600318, 50090,  1215
602, 05-17 22:25:04,1, 33070, 26282,100665,347100000, 50258,600451, 50128,  1722
603, 05-17 22:25:05,1, 33080, 26282,100665,349600000, 50000,600000, 49999,     0
604, 05-17 22:25:06,1, 33080, 26303,100663,346700000, 50163,600285, 50080,  1087
605, 05-17 22:25:07,1, 33080, 26287,100663,346700000, 50329,600575, 50163,  2194
606, 05-17 22:25:08,1, 33080, 26266,100663,346700000, 50476,600831, 50236,  3173
607, 05-17 22:25:09,1, 33080, 26271,100665,345000000, 50932,601630, 50464,  6219
608, 05-17 22:25:10,1, 33090, 26283,100663,347800000, 50791,601383, 50393,  5279
609, 05-17 22:25:11,1, 33080, 26287,100661,345700000, 51073,601875, 50534,  7154
610, 05-17 22:25:12,1, 33090, 26262,100663,347400000, 50992,601734, 50494,  6617
611, 05-17 22:25:13,1, 33090, 26272,100665,347100000, 50977,601708, 50486,  6519
612, 05-17 22:25:14,1, 33090, 26272,100661,345700000, 51234,602156, 50614,  8226
613, 05-17 22:25:15,1, 33090, 26262,100665,346700000, 51266,602213, 50631,  8443
614, 05-17 22:25:16,1, 33100, 26258,100663,346400000, 51352,602362, 50674,  9014
615, 05-17 22:25:17,1, 33090, 26272,100663,346400000, 51425,602491, 50711,  9506
616, 05-17 22:25:18,1, 33100, 26279,100663,345300000, 51700,602971, 50849, 11336
617, 05-17 22:25:19,1, 33100, 26258,100663,346000000, 51808,603159, 50903, 12055
618, 05-17 22:25:20,1, 33100, 26269,100663,346000000, 51901,603322, 50950, 12674
619, 05-17 22:25:21,1, 33100, 26263,100663,346400000, 51906,603331, 50953, 12709
620, 05-17 22:25:22,1, 33110, 26263,100661,348800000, 51445,602526, 50721,  9639
621, 05-17 22:25:23,1, 33110, 26269,100659,346000000, 51577,602755, 50787, 10514
622, 05-17 22:25:24,1, 33110, 26263,100661,346000000, 51693,602958, 50845, 11287
623, 05-17 22:25:25,1, 33110, 26258,100661,346700000, 51659,602899, 50828, 11061
624, 05-17 22:25:26,1, 33110, 26258,100663,346700000, 51628,602844, 50812, 10854
625, 05-17 22:25:27,1, 33110, 26252,100663,347100000, 51524,602663, 50760, 10160
626, 05-17 22:25:28,1, 33120, 26238,100663,347100000, 51431,602500, 50713,  9540
627, 05-17 22:25:29,1, 33120, 26227,100665,348800000, 51022,601786, 50508,  6814
628, 05-17 22:25:30,1, 33120, 26227,100663,346700000, 51065,601860, 50530,  7100
629, 05-17 22:25:31,1, 33120, 26204,100661,347100000, 51026,601793, 50511,  6844
630, 05-17 22:25:32,1, 33120, 26210,100661,346700000, 51068,601867, 50532,  7124
631, 05-17 22:25:33,1, 33120, 26204,100661,345700000, 51298,602269, 50647,  8659
632, 05-17 22:25:34,1, 33120, 26204,100663,346000000, 51444,602523, 50720,  9629
633, 05-17 22:25:35,1, 33130, 26200,100663,347100000, 51358,602372, 50677,  9053
634, 05-17 22:25:36,1, 33120, 26194,100661,348800000, 50956,601671, 50475,  6376
635, 05-17 22:25:37,1, 33130, 26179,100665,346000000, 51141,601993, 50568,  7606
636, 05-17 22:25:38,1, 33130, 26184,100667,349600000, 50611,601067, 50303,  4074
637, 05-17 22:25:39,1, 33130, 26189,100667,347100000, 50622,601088, 50309,  4152
638, 05-17 22:25:40,1, 33140, 26196,100667,347400000, 50572,600999, 50284,  3813
639, 05-17 22:25:41,1, 33140, 26185,100663,347400000, 50528,600923, 50262,  3523
640, 05-17 22:25:42,1, 33140, 26196,100665,349600000, 50065,600114, 50032,   437
641, 05-17 22:25:43,1, 33140, 26203,100665,347800000, 50001,600002, 50000,     9
642, 05-17 22:25:44,1, 33140, 26191,100665,349200000, 50000,600000, 49999,     0
643, 05-17 22:25:45,1, 33140, 26203,100665,347800000, 50000,600000, 49999,     0
644, 05-17 22:25:46,1, 33140, 26213,100663,346700000, 50181,600317, 50089,  1210
645, 05-17 22:25:47,1, 33140, 26203,100665,349600000, 50000,600000, 49999,     0
646, 05-17 22:25:48,1, 33150, 26204,100667,347100000, 50104,600183, 50051,   698
647, 05-17 22:25:49,1, 33150, 26215,100665,346400000, 50357,600625, 50177,  2386
648, 05-17 22:25:50,1, 33150, 26209,100667,349600000, 50000,600000, 49999,     0
649, 05-17 22:25:51,1, 33150, 26220,100665,346700000, 50205,600358, 50101,  1367
650, 05-17 22:25:52,1, 33160, 26228,100665,347800000, 50174,600305, 50086,  1166
651, 05-17 22:25:53,1, 33150, 26230,100667,346000000, 50495,600866, 50246,  3306
652, 05-17 22:25:54,1, 33150, 26242,100669,346000000, 50775,601355, 50385,  5171
653, 05-17 22:25:55,1, 33150, 26248,100665,345300000, 51158,602023, 50576,  7720
654, 05-17 22:25:56,1, 33150, 26242,100667,346000000, 51358,602372, 50677,  9053
655, 05-17 22:25:57,1, 33160, 26233,100665,345700000, 51591,602780, 50794, 10608
656, 05-17 22:25:58,1, 33160, 26233,100667,347100000, 51525,602665, 50761, 10170
657, 05-17 22:25:59,1, 33160, 26260,100667,346000000, 51676,602928, 50837, 11174
658, 05-17 22:26:00,1, 33160, 26260,100663,346400000, 51730,603022, 50864, 11533
659, 05-17 22:26:01,1, 33160, 26244,100663,348800000, 51315,602299, 50655,  8773
660, 05-17 22:26:02,1, 33160, 26244,100665,345300000, 51624,602838, 50811, 10829
661, 05-17 22:26:03,1, 33160, 26265,100663,347100000, 51545,602700, 50771, 10303
662, 05-17 22:26:04,1, 33170, 26244,100663,346700000, 51551,602710, 50774, 10342
663, 05-17 22:26:05,1, 33160, 26244,100665,347100000, 51480,602587, 50738,  9870
664, 05-17 22:26:06,1, 33160, 26260,100665,348500000, 51145,602001, 50570,  7636
665, 05-17 22:26:07,1, 33180, 26250,100667,346400000, 51251,602187, 50623,  8345
666, 05-17 22:26:08,1, 33170, 26244,100667,345000000, 51616,602824, 50806, 10775
667, 05-17 22:26:09,1, 33170, 26254,100665,348500000, 51260,602202, 50628,  8404
668, 05-17 22:26:10,1, 33180, 26250,100665,346000000, 51426,602492, 50711,  9511
669, 05-17 22:26:11,1, 33180, 26250,100665,346000000, 51571,602745, 50784, 10475
670, 05-17 22:26:12,1, 33180, 26245,100663,346700000, 51563,602731, 50780, 10421
671, 05-17 22:26:13,1, 33180, 26234,100665,346700000, 51555,602718, 50776, 10372
672, 05-17 22:26:14,1, 33180, 26239,100663,348500000, 51200,602098, 50598,  8005
673, 05-17 22:26:15,1, 33180, 26229,100665,345000000, 51562,602730, 50779, 10416
674, 05-17 22:26:16,1, 33190, 26223,100663,346000000, 51686,602946, 50842, 11243
675, 05-17 22:26:17,1, 33190, 26213,100665,349200000, 51179,602060, 50587,  7862
676, 05-17 22:26:18,1, 33190, 26213,100663,348100000, 50941,601645, 50468,  6278
677, 05-17 22:26:19,1, 33190, 26207,100665,345300000, 51273,602224, 50634,  8487
678, 05-17 22:26:20,1, 33190, 26190,100665,345300000, 51566,602736, 50781, 10441
679, 05-17 22:26:21,1, 33190, 26179,100665,347100000, 51476,602579, 50736,  9840
680, 05-17 22:26:22,1, 33200, 26188,100665,348100000, 51201,602099, 50598,  8010
681, 05-17 22:26:23,1, 33190, 26158,100667,348800000, 50828,601446, 50411,  5520
682, 05-17 22:26:24,1, 33200, 26161,100667,345000000, 51230,602149, 50613,  8202
683, 05-17 22:26:25,1, 33200, 26134,100665,345700000, 51451,602535, 50723,  9673
684, 05-17 22:26:26,1, 33190, 26125,100667,345000000, 51783,603117, 50891, 11892
685, 05-17 22:26:27,1, 33200, 26117,100665,347400000, 51611,602816, 50804, 10746
686, 05-17 22:26:28,1, 33200, 26122,100665,347400000, 51459,602550, 50728,  9732
687, 05-17 22:26:29,1, 33200, 26095,100663,349900000, 50848,601483, 50422,  5658
688, 05-17 22:26:30,1, 33200, 26095,100667,346700000, 50924,601615, 50460,  6165
689, 05-17 22:26:31,1, 33200, 26101,100665,347400000, 50855,601494, 50425,  5702
690, 05-17 22:26:32,1, 33210, 26101,100669,347400000, 50793,601386, 50394,  5289
691, 05-17 22:26:33,1, 33200, 26073,100663,346700000, 50878,601534, 50436,  5855
692, 05-17 22:26:34,1, 33200, 26079,100661,347100000, 50875,601529, 50435,  5835
693, 05-17 22:26:35,1, 33210, 26062,100665,348500000, 50602,601053, 50299,  4019
694, 05-17 22:26:36,1, 33210, 26057,100661,347100000, 50633,601107, 50314,  4226
695, 05-17 22:26:37,1, 33210, 26051,100663,348100000, 50469,600820, 50233,  3129
696, 05-17 22:26:38,1, 33210, 26041,100661,347800000, 50383,600669, 50190,  2553
697, 05-17 22:26:39,1, 33210, 26057,100663,346700000, 50517,600904, 50256,  3449
698, 05-17 22:26:40,1, 33210, 26051,100663,347100000, 50560,600978, 50278,  3734
699, 05-17 22:26:41,1, 33220, 26073,100665,347400000, 50536,600937, 50266,  3577
700, 05-17 22:26:42,1, 33220, 26057,100661,347100000, 50575,601005, 50285,  3837
701, 05-17 22:26:43,1, 33210, 26057,100665,346700000, 50687,601201, 50341,  4585
702, 05-17 22:26:44,1, 33220, 26046,100663,349600000, 50230,600402, 50114,  1535
703, 05-17 22:26:45,1, 33230, 26058,100661,347400000, 50245,600429, 50121,  1638
704, 05-17 22:26:46,1, 33220, 26079,100663,346000000, 50529,600924, 50262,  3527
705, 05-17 22:26:47,1, 33220, 26073,100661,346000000, 50780,601363, 50387,  5200
706, 05-17 22:26:48,1, 33220, 26073,100661,348100000, 50596,601042, 50296,  3975
707, 05-17 22:26:49,1, 33230, 26096,100663,349600000, 50142,600248, 50070,   949
708, 05-17 22:26:50,1, 33220, 26090,100663,347400000, 50166,600291, 50082,  1112
709, 05-17 22:26:51,1, 33230, 26102,100661,349600000, 50000,600000, 49999,     0
710, 05-17 22:26:52,1, 33230, 26114,100663,348500000, 50000,600000, 49999,     0
711, 05-17 22:26:53,1, 33230, 26119,100665,347800000, 50000,600000, 49999,     0
712, 05-17 22:26:54,1, 33230, 26102,100661,347400000, 50076,600134, 50038,   511
713, 05-17 22:26:55,1, 33220, 26128,100661,347400000, 50146,600256, 50072,   979
714, 05-17 22:26:56,1, 33230, 26130,100665,346000000, 50477,600834, 50237,  3183
715, 05-17 22:26:57,1, 33240, 26135,100665,348500000, 50283,600495, 50140,  1889
716, 05-17 22:26:58,1, 33240, 26124,100663,348100000, 50189,600331, 50094,  1264
717, 05-17 22:26:59,1, 33230, 26130,100663,348100000, 50106,600185, 50052,   708
718, 05-17 22:27:00,1, 33230, 26140,100663,348800000, 50000,600000, 49999,     0
719, 05-17 22:27:01,1, 33240, 26146,100663,348500000, 50000,600000, 49999,     0
720, 05-17 22:27:02,1, 33250, 26144,100663,347100000, 50130,600228, 50064,   870
721, 05-17 22:27:03,1, 33240, 26130,100663,349200000, 50000,600000, 49999,     0
722, 05-17 22:27:04,1, 33240, 26119,100661,347800000, 50011,600020, 50005,    78
723, 05-17 22:27:05,1, 33250, 26133,100663,347800000, 50038,600067, 50019,   255
724, 05-17 22:27:06,1, 33250, 26121,100665,347100000, 50195,600341, 50096,  1303
725, 05-17 22:27:07,1, 33240, 26124,100663,347800000, 50201,600352, 50099,  1343
726, 05-17 22:27:08,1, 33250, 26116,100665,348100000, 50146,600256, 50072,   979
727, 05-17 22:27:09,1, 33260, 26111,100665,347400000, 50231,600403, 50114,  1540
728, 05-17 22:27:10,1, 33250, 26127,100665,347800000, 50228,600398, 50113,  1520
729, 05-17 22:27:11,1, 33250, 26121,100665,348500000, 50090,600158, 50044,   605
730, 05-17 22:27:12,1, 33250, 26121,100667,348800000, 50000,600000, 49999,     0
731, 05-17 22:27:13,1, 33250, 26138,100667,348800000, 50000,600000, 49999,     0
732, 05-17 22:27:14,1, 33260, 26121,100665,349200000, 50000,600000, 49999,     0
733, 05-17 22:27:15,1, 33260, 26138,100665,345700000, 50440,600769, 50218,  2937
734, 05-17 22:27:16,1, 33270, 26140,100665,345000000, 50995,601739, 50495,  6637
735, 05-17 22:27:17,1, 33270, 26156,100665,347800000, 50940,601643, 50467,  6268
736, 05-17 22:27:18,1, 33260, 26155,100663,347100000, 51028,601796, 50511,  6854
737, 05-17 22:27:19,1, 33270, 26156,100665,348100000, 50908,601587, 50451,  6057
738, 05-17 22:27:20,1, 33270, 26151,100663,348100000, 50803,601404, 50399,  5358
739, 05-17 22:27:21,1, 33270, 26161,100661,348100000, 50708,601238, 50352,  4723
740, 05-17 22:27:22,1, 33270, 26140,100665,349200000, 50413,600722, 50205,  2755
741, 05-17 22:27:23,1, 33280, 26140,100665,348500000, 50284,600497, 50141,  1899
742, 05-17 22:27:24,1, 33270, 26140,100663,350300000, 50000,600000, 49999,     0
743, 05-17 22:27:25,1, 33270, 26140,100663,348800000, 50000,600000, 49999,     0
744, 05-17 22:27:26,1, 33270, 26118,100665,349200000, 50000,600000, 49999,     0
745, 05-17 22:27:27,1, 33270, 26112,100665,348500000, 50000,600000, 49999,     0
746, 05-17 22:27:28,1, 33280, 26118,100663,348500000, 50000,600000, 49999,     0
747, 05-17 22:27:29,1, 33280, 26118,100663,347100000, 50242,600424, 50120,  1618
748, 05-17 22:27:30,1, 33280, 26112,100663,349200000, 50056,600099, 50028,   378
749, 05-17 22:27:31,1, 33280, 26107,100665,347100000, 50296,600518, 50147,  1978
750, 05-17 22:27:32,1, 33280, 26085,100665,346400000, 50644,601125, 50320,  4295
751, 05-17 22:27:33,1, 33290, 26083,100663,347100000, 50814,601423, 50405,  5432
752, 05-17 22:27:34,1, 33280, 26074,100665,346700000, 51042,601822, 50519,  6952
753, 05-17 22:27:35,1, 33290, 26056,100663,349900000, 50628,601098, 50312,  4192
754, 05-17 22:27:36,1, 33290, 26050,100663,348100000, 50609,601065, 50302,  4064
755, 05-17 22:27:37,1, 33290, 26061,100663,348800000, 50456,600797, 50226,  3040
756, 05-17 22:27:38,1, 33290, 26050,100667,347800000, 50514,600898, 50255,  3429
757, 05-17 22:27:39,1, 33280, 26063,100661,346000000, 50913,601596, 50454,  6091
758, 05-17 22:27:40,1, 33290, 26028,100665,346400000, 51189,602078, 50592,  7931
759, 05-17 22:27:41,1, 33290, 26038,100667,346000000, 51509,602637, 50753, 10062
760, 05-17 22:27:42,1, 33290, 26044,100665,347800000, 51442,602521, 50719,  9619
761, 05-17 22:27:43,1, 33300, 26035,100665,346700000, 51596,602789, 50796, 10642
762, 05-17 22:27:44,1, 33300, 26024,100665,349200000, 51249,602183, 50622,  8330
763, 05-17 22:27:45,1, 33300, 26013,100665,347400000, 51292,602258, 50644,  8615
764, 05-17 22:27:46,1, 33290, 26022,100665,346400000, 51522,602660, 50759, 10150
765, 05-17 22:27:47,1, 33300, 26008,100665,347400000, 51532,602678, 50764, 10219
766, 05-17 22:27:48,1, 33300, 25986,100663,346000000, 51815,603172, 50907, 12104
767, 05-17 22:27:49,1, 33300, 25997,100665,348800000, 51523,602661, 50760, 10155
768, 05-17 22:27:50,1, 33290, 25995,100663,347400000, 51536,602685, 50766, 10244
769, 05-17 22:27:51,1, 33300, 25991,100663,349200000, 51200,602098, 50598,  8005
770, 05-17 22:27:52,1, 33300, 25974,100663,347800000, 51176,602055, 50586,  7843
771, 05-17 22:27:53,1, 33300, 25974,100665,349600000, 50808,601413, 50402,  5392
772, 05-17 22:27:54,1, 33310, 25980,100663,348800000, 50636,601111, 50316,  4241
773, 05-17 22:27:55,1, 33310, 25964,100665,348800000, 50485,600848, 50241,  3237
774, 05-17 22:27:56,1, 33310, 25980,100665,347400000, 50620,601084, 50308,  4138
775, 05-17 22:27:57,1, 33310, 25974,100665,350600000, 50126,600221, 50062,   846
776, 05-17 22:27:58,1, 33310, 25986,100663,349600000, 50000,600000, 49999,     0
777, 05-17 22:27:59,1, 33310, 25986,100665,349900000, 50000,600000, 49999,     0
778, 05-17 22:28:00,1, 33310, 25997,100663,347800000, 50115,600201, 50057,   767
779, 05-17 22:28:01,1, 33300, 25986,100663,348500000, 50124,600217, 50061,   831
780, 05-17 22:28:02,1, 33310, 25997,100661,347800000, 50264,600463, 50131,  1766
781, 05-17 22:28:03,1, 33320, 26003,100665,346000000, 50735,601284, 50365,  4900
782, 05-17 22:28:04,1, 33320, 26014,100669,350300000, 50320,600559, 50158,  2135
783, 05-17 22:28:05,1, 33320, 26009,100671,349900000, 50030,600052, 50014,   201
784, 05-17 22:28:06,1, 33310, 26002,100665,347800000, 50180,600316, 50089,  1205
785, 05-17 22:28:07,1, 33310, 25997,100663,346400000, 50584,601021, 50290,  3896
786, 05-17 22:28:08,1, 33320, 25993,100667,348800000, 50475,600830, 50235,  3168
787, 05-17 22:28:09,1, 33320, 26003,100667,347800000, 50571,600998, 50283,  3808
788, 05-17 22:28:10,1, 33320, 26003,100665,349600000, 50309,600540, 50153,  2061
789, 05-17 22:28:11,1, 33330, 26003,100667,349200000, 50153,600268, 50076,  1023
790, 05-17 22:28:12,1, 33320, 26003,100667,346000000, 50633,601106, 50314,  4221
791, 05-17 22:28:13,1, 33320, 26003,100667,349900000, 50305,600533, 50151,  2037
792, 05-17 22:28:14,1, 33320, 26014,100667,347100000, 50553,600967, 50274,  3690
793, 05-17 22:28:15,1, 33330, 26009,100665,349200000, 50366,600640, 50181,  2445
794, 05-17 22:28:16,1, 33330, 26009,100669,347100000, 50605,601057, 50300,  4034
795, 05-17 22:28:17,1, 33330, 26020,100667,348500000, 50544,600951, 50270,  3631
796, 05-17 22:28:18,1, 33330, 26014,100665,346700000, 50838,601465, 50416,  5589
797, 05-17 22:28:19,1, 33330, 26026,100667,349900000, 50479,600838, 50238,  3198
798, 05-17 22:28:20,1, 33330, 26026,100669,346400000, 50836,601462, 50416,  5579
799, 05-17 22:28:21,1, 33330, 26031,100667,346000000, 51228,602147, 50612,  8192
800, 05-17 22:28:22,1, 33340, 26032,100667,347800000, 51223,602138, 50609,  8158
801, 05-17 22:28:23,1, 33340, 26016,100669,345700000, 51626,602842, 50812, 10844
802, 05-17 22:28:24,1, 33340, 26038,100667,346700000, 51785,603119, 50892, 11902
803, 05-17 22:28:25,1, 33340, 26049,100669,346700000, 51923,603360, 50961, 12822
804, 05-17 22:28:26,1, 33350, 26029,100667,348800000, 51639,602864, 50818, 10928
805, 05-17 22:28:27,1, 33340, 26038,100667,348500000, 51445,602525, 50720,  9634
806, 05-17 22:28:28,1, 33330, 26042,100667,350300000, 50929,601624, 50462,  6199
807, 05-17 22:28:29,1, 33340, 26049,100667,349900000, 50549,600959, 50272,  3660
808, 05-17 22:28:30,1, 33350, 26051,100665,345300000, 51098,601918, 50546,  7321
809, 05-17 22:28:31,1, 33340, 26032,100667,346700000, 51313,602295, 50654,  8758
810, 05-17 22:28:32,1, 33350, 26062,100667,345700000, 51692,602957, 50845, 11282
811, 05-17 22:28:33,1, 33360, 26058,100669,346700000, 51830,603198, 50914, 12202
812, 05-17 22:28:34,1, 33340, 26049,100667,348500000, 51606,602807, 50802, 10711
813, 05-17 22:28:35,1, 33350, 26051,100667,346000000, 51889,603301, 50944, 12596
814, 05-17 22:28:36,1, 33350, 26046,100667,347400000, 51868,603265, 50934, 12458
815, 05-17 22:28:37,1, 33360, 26047,100669,348100000, 51711,602990, 50854, 11410
816, 05-17 22:28:38,1, 33350, 26056,100665,348800000, 51438,602513, 50717,  9589
817, 05-17 22:28:39,1, 33360, 26041,100669,349200000, 51119,601956, 50557,  7464
818, 05-17 22:28:40,1, 33360, 26047,100667,347100000, 51241,602169, 50618,  8276
819, 05-17 22:28:41,1, 33360, 26041,100667,346000000, 51561,602727, 50779, 10406
820, 05-17 22:28:42,1, 33360, 26024,100669,347100000, 51631,602850, 50814, 10874
821, 05-17 22:28:43,1, 33360, 26024,100667,348800000, 51364,602384, 50680,  9097
822, 05-17 22:28:44,1, 33360, 26014,100667,349200000, 51053,601840, 50524,  7021
823, 05-17 22:28:45,1, 33370, 26024,100667,349600000, 50698,601220, 50346,  4654
824, 05-17 22:28:46,1, 33370, 26008,100669,346700000, 50943,601649, 50469,  6293
825, 05-17 22:28:47,1, 33360, 26014,100667,347400000, 51026,601793, 50511,  6844
826, 05-17 22:28:48,1, 33370, 26036,100667,349900000, 50614,601073, 50305,  4093
827, 05-17 22:28:49,1, 33360, 26014,100667,347100000, 50791,601382, 50393,  5274
828, 05-17 22:28:50,1, 33370, 26003,100669,349200000, 50542,600947, 50269,  3616
829, 05-17 22:28:51,1, 33370, 25987,100671,346000000, 50941,601644, 50468,  6273
830, 05-17 22:28:52,1, 33380, 25983,100671,347400000, 51020,601783, 50508,  6804
831, 05-17 22:28:53,1, 33380, 25977,100667,347400000, 51090,601906, 50543,  7272
832, 05-17 22:28:54,1, 33370, 25976,100667,348800000, 50884,601545, 50439,  5894
833, 05-17 22:28:55,1, 33370, 25976,100667,349900000, 50490,600856, 50243,  3267
834, 05-17 22:28:56,1, 33370, 25987,100667,352100000, 50000,600000, 49999,     0
835, 05-17 22:28:57,1, 33380, 25988,100667,349600000, 50000,600000, 49999,     0
836, 05-17 22:28:58,1, 33380, 25999,100669,349600000, 50000,600000, 49999,     0
837, 05-17 22:28:59,1, 33380, 26016,100669,346700000, 50363,600635, 50180,  2425
838, 05-17 22:29:00,1, 33380, 26010,100667,348500000, 50366,600639, 50181,  2440
839, 05-17 22:29:01,1, 33390, 26032,100669,347100000, 50633,601107, 50314,  4226
840, 05-17 22:29:02,1, 33380, 26037,100669,346000000, 51084,601894, 50539,  7228
841, 05-17 22:29:03,1, 33380, 26043,100669,348500000, 50994,601738, 50495,  6632
842, 05-17 22:29:04,1, 33380, 26059,100667,347400000, 51126,601967, 50560,  7508
843, 05-17 22:29:05,1, 33390, 26076,100667,347100000, 51296,602264, 50645,  8640
844, 05-17 22:29:06,1, 33390, 26071,100669,348800000, 51117,601952, 50556,  7449
845, 05-17 22:29:07,1, 33390, 26087,100669,349600000, 50803,601403, 50399,  5353
846, 05-17 22:29:08,1, 33380, 26097,100669,348800000, 50677,601183, 50336,  4516
847, 05-17 22:29:09,1, 33380, 26114,100667,347800000, 50756,601321, 50376,  5043
848, 05-17 22:29:10,1, 33390, 26114,100669,348500000, 50688,601203, 50342,  4590
849, 05-17 22:29:11,1, 33390, 26131,100669,351000000, 50144,600252, 50071,   964
850, 05-17 22:29:12,1, 33390, 26131,100667,346000000, 50625,601093, 50310,  4172
851, 05-17 22:29:13,1, 33390, 26147,100667,350300000, 50217,600380, 50107,  1451
852, 05-17 22:29:14,1, 33390, 26164,100667,345700000, 50742,601297, 50369,  4949
853, 05-17 22:29:15,1, 33390, 26180,100667,348800000, 50602,601052, 50299,  4015
854, 05-17 22:29:16,1, 33390, 26196,100669,347400000, 50743,601299, 50369,  4959
855, 05-17 22:29:17,1, 33400, 26194,100671,348100000, 50729,601275, 50362,  4866
856, 05-17 22:29:18,1, 33400, 26216,100667,347800000, 50771,601347, 50383,  5141
857, 05-17 22:29:19,1, 33390, 26207,100669,347800000, 50806,601409, 50401,  5378
858, 05-17 22:29:20,1, 33400, 26233,100671,347100000, 50968,601692, 50481,  6455
859, 05-17 22:29:21,1, 33400, 26233,100671,346700000, 51184,602069, 50590,  7897
860, 05-17 22:29:22,1, 33390, 26240,100669,346700000, 51372,602398, 50684,  9151
861, 05-17 22:29:23,1, 33400, 26254,100669,347800000, 51321,602308, 50658,  8807
862, 05-17 22:29:24,1, 33400, 26265,100667,347800000, 51271,602222, 50633,  8477
863, 05-17 22:29:25,1, 33400, 26282,100669,345300000, 51707,602984, 50853, 11385
864, 05-17 22:29:26,1, 33400, 26276,100669,346700000, 51817,603176, 50908, 12118
865, 05-17 22:29:27,1, 33400, 26293,100669,345300000, 52182,603813, 51092, 14549
866, 05-17 22:29:28,1, 33400, 26314,100669,346700000, 52226,603890, 51115, 14844
867, 05-17 22:29:29,1, 33410, 26331,100667,346000000, 52395,604186, 51200, 15971
868, 05-17 22:29:30,1, 33400, 26331,100667,346400000, 52465,604307, 51235, 16434
869, 05-17 22:29:31,1, 33410, 26343,100667,344600000, 52870,605015, 51441, 19135
870, 05-17 22:29:32,1, 33410, 26353,100669,344300000, 53281,605733, 51651, 21876
871, 05-17 22:29:33,1, 33410, 26369,100667,348100000, 52901,605069, 51457, 19342
872, 05-17 22:29:34,1, 33400, 26369,100665,345700000, 53029,605292, 51522, 20193
873, 05-17 22:29:35,1, 33410, 26353,100669,346400000, 53002,605246, 51509, 20016
874, 05-17 22:29:36,1, 33420, 26364,100671,343900000, 53458,606043, 51742, 23057
875, 05-17 22:29:37,1, 33410, 26359,100671,345700000, 53509,606132, 51768, 23396
876, 05-17 22:29:38,1, 33410, 26364,100667,343600000, 53960,606920, 52000, 26402
877, 05-17 22:29:39,1, 33420, 26364,100669,346000000, 53884,606787, 51961, 25896
878, 05-17 22:29:40,1, 33410, 26359,100671,344600000, 54088,607144, 52066, 27259
879, 05-17 22:29:41,1, 33410, 26380,100667,345700000, 54050,607077, 52046, 27003
880, 05-17 22:29:42,1, 33420, 26403,100669,344600000, 54222,607377, 52135, 28149
881, 05-17 22:29:43,1, 33410, 26397,100669,344300000, 54432,607744, 52243, 29547
882, 05-17 22:29:44,1, 33420, 26441,100669,343600000, 54744,608289, 52405, 31628
883, 05-17 22:29:45,1, 33420, 26441,100669,345000000, 54742,608285, 52404, 31613
884, 05-17 22:29:46,1, 33420, 26468,100667,346700000, 54403,607693, 52228, 29355
885, 05-17 22:29:47,1, 33420, 26479,100669,345300000, 54370,607637, 52212, 29138
886, 05-17 22:29:48,1, 33420, 26496,100669,345000000, 54396,607682, 52225, 29310
887, 05-17 22:29:49,1, 33420, 26540,100669,343900000, 54623,608078, 52342, 30821
888, 05-17 22:29:50,1, 33420, 26562,100669,344600000, 54680,608177, 52372, 31200
889, 05-17 22:29:51,1, 33420, 26590,100669,342200000, 55192,609072, 52638, 34615
890, 05-17 22:29:52,1, 33420, 26617,100669,344300000, 55225,609130, 52656, 34836
891, 05-17 22:29:53,1, 33430, 26657,100669,341500000, 55792,610121, 52952, 38615
892, 05-17 22:29:54,1, 33430, 26701,100669,342200000, 56145,610737, 53137, 40967
893, 05-17 22:29:55,1, 33430, 26756,100669,343900000, 56112,610680, 53120, 40750
894, 05-17 22:29:56,1, 33430, 26805,100669,340100000, 56818,611913, 53493, 45454
895, 05-17 22:29:57,1, 33430, 26899,100669,341900000, 57070,612354, 53627, 47137
896, 05-17 22:29:58,1, 33430, 26971,100669,338800000, 57889,613786, 54064, 52599
897, 05-17 22:30:00,1, 33430, 27071,100673,338800000, 58594,615017, 54442, 57298
898, 05-17 22:30:01,1, 33430, 27203,100669,338800000, 59194,616066, 54767, 61298
899, 05-17 22:30:02,1, 33430, 27313,100667,338100000, 59842,617198, 55120, 65618
900, 05-17 22:30:03,1, 33430, 27407,100667,339500000, 60115,617674, 55269, 67434
901, 05-17 22:30:04,1, 33440, 27465,100671,336800000, 60873,618998, 55685, 72487
902, 05-17 22:30:05,1, 33430, 27507,100667,339500000, 60989,619202, 55749, 73264
903, 05-17 22:30:06,1, 33440, 27542,100669,339500000, 61076,619353, 55797, 73840
904, 05-17 22:30:07,1, 33440, 27559,100669,337500000, 61534,620154, 56051, 76896
905, 05-17 22:30:08,1, 33440, 27552,100669,337800000, 61867,620735, 56236, 79115
906, 05-17 22:30:09,1, 33440, 27564,100669,338800000, 61947,620876, 56281, 79651
907, 05-17 22:30:10,1, 33440, 27575,100669,339100000, 61947,620875, 56281, 79646
908, 05-17 22:30:11,1, 33440, 27552,100669,336800000, 62392,621654, 56530, 82618
909, 05-17 22:30:12,1, 33440, 27552,100669,337100000, 62714,622216, 56710, 84763
910, 05-17 22:30:13,1, 33440, 27536,100669,335800000, 63247,623147, 57010, 88316
911, 05-17 22:30:14,1, 33440, 27547,100667,338500000, 63167,623006, 56965, 87780
912, 05-17 22:30:15,1, 33440, 27552,100671,338800000, 63025,622759, 56885, 86835
913, 05-17 22:30:16,1, 33440, 27586,100669,337100000, 63223,623105, 56996, 88154
914, 05-17 22:30:17,1, 33450, 27611,100671,337100000, 63382,623383, 57086, 89216
915, 05-17 22:30:18,1, 33440, 27652,100669,336500000, 63629,623814, 57226, 90860
916, 05-17 22:30:19,1, 33450, 27672,100669,337500000, 63631,623818, 57227, 90875
917, 05-17 22:30:20,1, 33450, 27716,100669,335500000, 64018,624493, 57447, 93453
918, 05-17 22:30:21,1, 33450, 27766,100669,335100000, 64421,625199, 57677, 96144
919, 05-17 22:30:22,1, 33440, 27814,100669,333800000, 65024,626252, 58023,100164
920, 05-17 22:30:23,1, 33450, 27850,100669,333200000, 65660,627363, 58389,104401
921, 05-17 22:30:24,1, 33440, 27919,100667,333800000, 66081,628099, 58633,107210
922, 05-17 22:30:25,1, 33460, 27960,100671,334500000, 66291,628467, 58756,108613
923, 05-17 22:30:26,1, 33450, 28000,100667,332500000, 66864,629468, 59090,112431
924, 05-17 22:30:27,1, 33450, 28032,100669,333800000, 67092,629865, 59223,113946
925, 05-17 22:30:28,1, 33450, 28082,100667,332200000, 67596,630747, 59520,117312
926, 05-17 22:30:29,1, 33450, 28066,100667,332500000, 67968,631397, 59740,119792
927, 05-17 22:30:30,1, 33450, 28094,100667,333500000, 68079,631590, 59805,120530
928, 05-17 22:30:31,1, 33450, 28100,100665,332800000, 68303,631982, 59938,122026
929, 05-17 22:30:32,1, 33450, 28088,100667,330900000, 68875,632980, 60278,125834
930, 05-17 22:30:33,1, 33460, 28071,100669,332800000, 68980,633165, 60341,126538
931, 05-17 22:30:34,1, 33460, 28044,100669,332200000, 69184,633521, 60463,127896
932, 05-17 22:30:35,1, 33460, 28027,100669,331200000, 69557,634173, 60687,130386
933, 05-17 22:30:36,1, 33460, 28027,100671,332800000, 69549,634159, 60682,130331
934, 05-17 22:30:37,1, 33460, 27994,100671,330300000, 70040,635017, 60978,133603
935, 05-17 22:30:38,1, 33460, 27982,100669,330600000, 70403,635651, 61198,136024
936, 05-17 22:30:39,1, 33460, 27971,100669,333200000, 70185,635271, 61066,134573
937, 05-17 22:30:40,1, 33460, 27950,100667,332800000, 70066,635062, 60994,133776
938, 05-17 22:30:41,1, 33460, 27944,100669,330900000, 70336,635534, 61157,135577
939, 05-17 22:30:42,1, 33470, 27946,100665,333800000, 69975,634903, 60939,133170
940, 05-17 22:30:43,1, 33470, 27935,100667,332200000, 69971,634897, 60937,133146
941, 05-17 22:30:44,1, 33470, 27940,100667,331900000, 70018,634978, 60965,133456
942, 05-17 22:30:45,1, 33470, 27935,100667,330300000, 70375,635602, 61181,135837
943, 05-17 22:30:46,1, 33470, 27912,100667,332800000, 70175,635253, 61060,134504
944, 05-17 22:30:47,1, 33460, 27916,100667,332200000, 70113,635144, 61022,134091
945, 05-17 22:30:48,1, 33460, 27900,100667,335100000, 69464,634011, 60631,129766
946, 05-17 22:30:49,1, 33460, 27877,100669,331600000, 69594,634237, 60709,130627
947, 05-17 22:30:50,1, 33470, 27873,100667,330600000, 69901,634774, 60894,132678
948, 05-17 22:30:51,1, 33470, 27862,100667,331900000, 69901,634773, 60894,132674
949, 05-17 22:30:52,1, 33470, 27851,100667,332800000, 69712,634443, 60780,131414
950, 05-17 22:30:53,1, 33470, 27851,100667,331600000, 69780,634562, 60821,131867
951, 05-17 22:30:54,1, 33460, 27861,100667,330600000, 70036,635010, 60976,133579
952, 05-17 22:30:55,1, 33470, 27856,100667,332800000, 69808,634611, 60838,132054
953, 05-17 22:30:56,1, 33480, 27840,100669,331200000, 69923,634812, 60907,132821
954, 05-17 22:30:57,1, 33470, 27835,100667,333500000, 69553,634166, 60685,130356
955, 05-17 22:30:58,1, 33470, 27829,100665,329600000, 70012,634968, 60961,133416
956, 05-17 22:30:59,1, 33480, 27817,100669,332200000, 69881,634738, 60882,132541
957, 05-17 22:31:00,1, 33470, 27790,100667,330600000, 70087,635099, 61007,133918
958, 05-17 22:31:01,1, 33470, 27790,100667,332200000, 69939,634840, 60917,132929
959, 05-17 22:31:02,1, 33480, 27762,100669,333200000, 69600,634248, 60713,130671
960, 05-17 22:31:03,1, 33480, 27746,100669,333200000, 69297,633718, 60531,128649
961, 05-17 22:31:04,1, 33470, 27696,100667,334800000, 68706,632686, 60178,124712
962, 05-17 22:31:05,1, 33480, 27690,100669,333200000, 68503,632330, 60057,123354
963, 05-17 22:31:06,1, 33480, 27651,100671,331900000, 68585,632475, 60106,123905
964, 05-17 22:31:07,1, 33470, 27618,100669,332800000, 68476,632284, 60041,123177
965, 05-17 22:31:08,1, 33470, 27612,100667,331900000, 68558,632427, 60090,123723
966, 05-17 22:31:09,1, 33480, 27585,100669,332800000, 68445,632230, 60022,122970
967, 05-17 22:31:10,1, 33480, 27580,100669,333500000, 68201,631803, 59877,121342
968, 05-17 22:31:11,1, 33480, 27546,100669,333800000, 67924,631319, 59713,119497
969, 05-17 22:31:12,1, 33470, 27541,100665,334500000, 67538,630645, 59486,116923
970, 05-17 22:31:13,1, 33470, 27546,100663,333500000, 67396,630396, 59402,115974
971, 05-17 22:31:14,1, 33480, 27525,100669,336800000, 66604,629012, 58938,110694
972, 05-17 22:31:15,1, 33480, 27518,100667,331900000, 66891,629514, 59105,112608
973, 05-17 22:31:16,1, 33480, 27507,100665,334500000, 66617,629035, 58945,110783
974, 05-17 22:31:17,1, 33480, 27513,100669,334200000, 66432,628713, 58838,109552
975, 05-17 22:31:18,1, 33480, 27530,100669,333800000, 66345,628561, 58787,108972
976, 05-17 22:31:19,1, 33480, 27530,100669,333500000, 66327,628529, 58776,108849
977, 05-17 22:31:20,1, 33490, 27533,100667,333500000, 66306,628491, 58764,108706
978, 05-17 22:31:21,1, 33480, 27546,100667,333200000, 66345,628561, 58787,108972
979, 05-17 22:31:22,1, 33490, 27561,100667,333200000, 66374,628611, 58804,109164
980, 05-17 22:31:23,1, 33490, 27555,100665,333200000, 66397,628651, 58817,109316
981, 05-17 22:31:24,1, 33490, 27588,100667,331600000, 66736,629243, 59015,111575
982, 05-17 22:31:25,1, 33490, 27600,100667,334200000, 66504,628838, 58879,110030
983, 05-17 22:31:26,1, 33490, 27627,100667,333200000, 66495,628823, 58874,109971
984, 05-17 22:31:27,1, 33490, 27627,100667,332500000, 66626,629051, 58950,110842
985, 05-17 22:31:28,1, 33490, 27671,100667,333800000, 66471,628780, 58860,109808
986, 05-17 22:31:29,1, 33490, 27682,100665,332500000, 66593,628993, 58931,110620
987, 05-17 22:31:30,1, 33490, 27705,100667,331900000, 66816,629382, 59061,112106
988, 05-17 22:31:31,1, 33490, 27732,100669,333800000, 66621,629042, 58947,110807
989, 05-17 22:31:32,1, 33490, 27755,100669,330900000, 67030,629758, 59187,113538
990, 05-17 22:31:33,1, 33500, 27777,100671,330000000, 67567,630695, 59502,117115
991, 05-17 22:31:34,1, 33490, 27821,100665,331200000, 67789,631083, 59634,118596
992, 05-17 22:31:35,1, 33500, 27827,100667,334500000, 67310,630246, 59351,115403
993, 05-17 22:31:36,1, 33500, 27855,100669,331900000, 67405,630413, 59407,116038
994, 05-17 22:31:37,1, 33500, 27871,100669,329600000, 67951,631367, 59730,119679
995, 05-17 22:31:38,1, 33510, 27899,100667,331900000, 67955,631374, 59732,119703
996, 05-17 22:31:39,1, 33500, 27916,100667,330900000, 68156,631724, 59851,121042
997, 05-17 22:31:40,1, 33500, 27937,100667,330900000, 68326,632021, 59951,122173
998, 05-17 22:31:41,1, 33510, 27943,100669,330900000, 68467,632269, 60036,123118
999, 05-17 22:31:42,1, 33500, 27960,100667,330300000, 68709,632692, 60180,124732
1000, 05-17 22:31:43,1, 33500, 27971,100669,330300000, 68916,633053, 60303,126110
1001, 05-17 22:31:44,1, 33500, 27971,100667,329300000, 69297,633718, 60531,128649
1002, 05-17 22:31:45,1, 33500, 27999,100667,330900000, 69298,633721, 60532,128658
1003, 05-17 22:31:46,1, 33510, 27999,100669,330900000, 69292,633709, 60528,128614
1004, 05-17 22:31:47,1, 33510, 28005,100667,331900000, 69077,633334, 60399,127182
1005, 05-17 22:31:48,1, 33510, 28016,100667,330900000, 69083,633344, 60403,127222
1006, 05-17 22:31:49,1, 33510, 28060,100669,330000000, 69263,633659, 60511,128422
1007, 05-17 22:31:50,1, 33510, 28071,100673,331200000, 69169,633495, 60454,127797
1008, 05-17 22:31:51,1, 33510, 28087,100671,330000000, 69324,633766, 60547,128831
1009, 05-17 22:31:52,1, 33500, 27993,100671,334200000, 68611,632520, 60121,124078
1010, 05-17 22:31:53,1, 33500, 27837,100671,332200000, 68398,632147, 59994,122656
1011, 05-17 22:31:54,1, 33490, 27638,100665,334200000, 67821,631139, 59652,118808
1012, 05-17 22:31:55,1, 33500, 27488,100671,332200000, 67728,630976, 59597,118188
1013, 05-17 22:31:56,1, 33500, 27389,100669,332800000, 67534,630637, 59483,116894
1014, 05-17 22:31:57,1, 33500, 27312,100673,333200000, 67289,630209, 59339,115260
1015, 05-17 22:31:58,1, 33490, 27229,100671,333800000, 66963,629640, 59148,113090
1016, 05-17 22:31:59,1, 33480, 27148,100673,334200000, 66607,629017, 58939,110714
1017, 05-17 22:32:00,1, 33490, 27080,100673,333500000, 66441,628729, 58843,109612
1018, 05-17 22:32:01,1, 33490, 27047,100673,331600000, 66688,629159, 58987,111255
1019, 05-17 22:32:02,1, 33480, 27010,100675,334200000, 66387,628634, 58811,109252
1020, 05-17 22:32:03,1, 33480, 26994,100675,335100000, 65948,627867, 58556,106325
1021, 05-17 22:32:04,1, 33480, 26988,100675,332200000, 66151,628222, 58674,107678
1022, 05-17 22:32:05,1, 33470, 26966,100673,334200000, 65934,627843, 58548,106231
1023, 05-17 22:32:06,1, 33470, 26972,100673,333800000, 65828,627657, 58486,105523
1024, 05-17 22:32:07,1, 33470, 26949,100673,332500000, 66004,627964, 58588,106694
1025, 05-17 22:32:08,1, 33460, 26964,100675,334200000, 65821,627644, 58482,105473
1026, 05-17 22:32:09,1, 33460, 26926,100675,333200000, 65869,627729, 58510,105798
1027, 05-17 22:32:10,1, 33440, 26923,100671,333200000, 65921,627819, 58540,106143
1028, 05-17 22:32:11,1, 33450, 26915,100673,334800000, 65648,627342, 58382,104322
1029, 05-17 22:32:12,1, 33440, 26912,100673,332800000, 65818,627639, 58480,105454
1030, 05-17 22:32:13,1, 33430, 26910,100673,335500000, 65431,626963, 58257,102875
1031, 05-17 22:32:14,1, 33420, 26903,100673,332200000, 65763,627543, 58449,105090
1032, 05-17 22:32:15,1, 33430, 26894,100673,332800000, 65939,627852, 58551,106266
1033, 05-17 22:32:16,1, 33430, 26905,100673,334800000, 65695,627425, 58410,104637
1034, 05-17 22:32:17,1, 33430, 26915,100675,333800000, 65686,627409, 58404,104578
1035, 05-17 22:32:18,1, 33420, 26930,100675,335500000, 65342,626807, 58205,102280
1036, 05-17 22:32:19,1, 33410, 26969,100673,334800000, 65181,626526, 58113,101207
1037, 05-17 22:32:20,1, 33410, 26986,100673,333500000, 65304,626741, 58184,102029
1038, 05-17 22:32:21,1, 33400, 27036,100675,332200000, 65677,627394, 58399,104519
1039, 05-17 22:32:22,1, 33400, 27041,100677,331600000, 66133,628189, 58663,107555
1040, 05-17 22:32:23,1, 33390, 27071,100675,332500000, 66354,628576, 58792,109031
1041, 05-17 22:32:24,1, 33380, 27093,100675,333800000, 66289,628463, 58754,108598
1042, 05-17 22:32:25,1, 33370, 27124,100675,333800000, 66235,628369, 58723,108239
1043, 05-17 22:32:26,1, 33360, 27136,100675,332800000, 66393,628643, 58814,109287
1044, 05-17 22:32:27,1, 33360, 27130,100677,333800000, 66334,628542, 58780,108898
1045, 05-17 22:32:28,1, 33340, 27137,100673,332500000, 66551,628919, 58907,110340
1046, 05-17 22:32:29,1, 33340, 27159,100677,333500000, 66542,628904, 58901,110281
1047, 05-17 22:32:30,1, 33330, 27158,100677,333800000, 66477,628790, 58863,109848
1048, 05-17 22:32:31,1, 33330, 27169,100675,333200000, 66544,628908, 58903,110295
1049, 05-17 22:32:32,1, 33310, 27151,100675,331600000, 66937,629594, 59132,112913
1050, 05-17 22:32:33,1, 33310, 27162,100671,332500000, 67102,629883, 59229,114015
1051, 05-17 22:32:34,1, 33300, 27173,100675,331900000, 67373,630357, 59389,115826
1052, 05-17 22:32:35,1, 33290, 27154,100673,334500000, 67094,629870, 59225,113966
1053, 05-17 22:32:36,1, 33280, 27141,100673,334500000, 66855,629452, 59085,112372
1054, 05-17 22:32:37,1, 33270, 27163,100673,330600000, 67438,630471, 59427,116259
1055, 05-17 22:32:38,1, 33270, 27146,100673,335100000, 67047,629786, 59197,113646
1056, 05-17 22:32:39,1, 33260, 27133,100675,333500000, 67030,629758, 59187,113538
1057, 05-17 22:32:40,1, 33240, 27113,100673,335500000, 66623,629046, 58949,110822
1058, 05-17 22:32:41,1, 33240, 27119,100673,334200000, 66528,628881, 58894,110192
1059, 05-17 22:32:42,1, 33230, 27108,100673,332800000, 66736,629243, 59015,111575
1060, 05-17 22:32:43,1, 33230, 27113,100675,331900000, 67105,629888, 59231,114035
1061, 05-17 22:32:44,1, 33210, 27112,100671,335800000, 66652,629096, 58966,111014
1062, 05-17 22:32:45,1, 33200, 27090,100675,334800000, 66462,628765, 58855,109749
1063, 05-17 22:32:46,1, 33190, 27108,100673,333200000, 66621,629043, 58948,110812
1064, 05-17 22:32:47,1, 33190, 27092,100675,334200000, 66568,628950, 58917,110458
1065, 05-17 22:32:48,1, 33180, 27087,100675,334200000, 66527,628878, 58893,110182
1066, 05-17 22:32:49,1, 33170, 27096,100673,336800000, 65975,627914, 58572,106502
1067, 05-17 22:32:50,1, 33160, 27091,100675,336500000, 65557,627184, 58330,103717
1068, 05-17 22:32:51,1, 33150, 27100,100673,336100000, 65274,626688, 58166,101827
1069, 05-17 22:32:52,1, 33140, 27087,100673,333500000, 65555,627180, 58328,103702
1070, 05-17 22:32:53,1, 33130, 27096,100677,334800000, 65547,627166, 58324,103648
1071, 05-17 22:32:54,1, 33120, 27112,100673,335100000, 65485,627057, 58288,103235
1072, 05-17 22:32:55,1, 33120, 27112,100673,335500000, 65356,626832, 58213,102374
1073, 05-17 22:32:56,1, 33110, 27126,100671,336100000, 65128,626433, 58082,100853
1074, 05-17 22:32:57,1, 33100, 27121,100673,337100000, 64734,625746, 57856, 98231
1075, 05-17 22:32:58,1, 33090, 27120,100673,335100000, 64794,625850, 57890, 98629
1076, 05-17 22:32:59,1, 33090, 27114,100673,335800000, 64714,625710, 57844, 98093
1077, 05-17 22:33:00,1, 33070, 27140,100673,335500000, 64708,625699, 57841, 98053
1078, 05-17 22:33:01,1, 33070, 27129,100671,333800000, 65052,626300, 58038,100346
1079, 05-17 22:33:02,1, 33060, 27144,100673,334800000, 65159,626487, 58100,101060
1080, 05-17 22:33:03,1, 33050, 27150,100675,335100000, 65200,626559, 58124,101335
1081, 05-17 22:33:04,1, 33040, 27151,100673,337100000, 64843,625935, 57918, 98954
1082, 05-17 22:33:05,1, 33030, 27157,100673,335100000, 64934,626095, 57971, 99564
1083, 05-17 22:33:06,1, 33020, 27145,100673,333500000, 65346,626815, 58208,102310
1084, 05-17 22:33:07,1, 33020, 27150,100673,334800000, 65452,627001, 58269,103018
1085, 05-17 22:33:08,1, 33010, 27155,100675,335800000, 65351,626824, 58211,102344
1086, 05-17 22:33:09,1, 33000, 27166,100673,335100000, 65409,626926, 58244,102733
1087, 05-17 22:33:10,1, 32990, 27146,100677,335100000, 65469,627030, 58279,103131
1088, 05-17 22:33:11,1, 32990, 27146,100673,336500000, 65248,626643, 58151,101655
1089, 05-17 22:33:12,1, 32980, 27141,100673,337800000, 64801,625862, 57894, 98673
1090, 05-17 22:33:13,1, 32970, 27145,100675,336100000, 64753,625779, 57867, 98359
1091, 05-17 22:33:14,1, 32950, 27154,100673,336500000, 64640,625581, 57802, 97601
1092, 05-17 22:33:15,1, 32960, 27132,100675,338800000, 64088,624616, 57487, 93920
1093, 05-17 22:33:16,1, 32950, 27142,100671,336800000, 64006,624473, 57440, 93374
1094, 05-17 22:33:17,1, 32940, 27119,100671,336800000, 63944,624364, 57405, 92961
1095, 05-17 22:33:18,1, 32930, 27127,100673,336800000, 63895,624279, 57377, 92636
1096, 05-17 22:33:19,1, 32920, 27127,100669,336100000, 64000,624462, 57437, 93335
1097, 05-17 22:33:20,1, 32910, 27131,100669,337500000, 63820,624149, 57335, 92139
1098, 05-17 22:33:21,1, 32910, 27142,100669,336100000, 63947,624371, 57407, 92985
1099, 05-17 22:33:22,1, 32900, 27136,100671,336800000, 63927,624336, 57396, 92853
1100, 05-17 22:33:23,1, 32880, 27139,100671,335500000, 64178,624775, 57539, 94526
1101, 05-17 22:33:24,1, 32880, 27150,100671,336800000, 64146,624718, 57520, 94309
1102, 05-17 22:33:25,1, 32870, 27139,100673,336100000, 64266,624927, 57588, 95106
1103, 05-17 22:33:26,1, 32870, 27156,100669,337800000, 64037,624528, 57458, 93586
1104, 05-17 22:33:27,1, 32860, 27176,100671,336800000, 64040,624533, 57460, 93605
1105, 05-17 22:33:28,1, 32850, 27154,100675,338500000, 63715,623965, 57275, 91436
1106, 05-17 22:33:29,1, 32840, 27156,100671,335800000, 63972,624415, 57421, 93153
1107, 05-17 22:33:30,1, 32830, 27161,100671,338500000, 63670,623886, 57249, 91135
1108, 05-17 22:33:31,1, 32830, 27172,100669,338500000, 63409,623429, 57102, 89394
1109, 05-17 22:33:32,1, 32820, 27155,100671,336800000, 63524,623632, 57167, 90166
1110, 05-17 22:33:33,1, 32810, 27165,100671,335800000, 63834,624174, 57343, 92233
1111, 05-17 22:33:34,1, 32800, 27175,100673,337800000, 63715,623965, 57275, 91436
1112, 05-17 22:33:35,1, 32800, 27164,100671,338100000, 63558,623690, 57186, 90387
1113, 05-17 22:33:36,1, 32790, 27178,100675,338100000, 63426,623460, 57112, 89512
1114, 05-17 22:33:37,1, 32780, 27183,100669,339800000, 62980,622680, 56859, 86535
1115, 05-17 22:33:38,1, 32770, 27176,100673,336800000, 63190,623048, 56978, 87937
1116, 05-17 22:33:39,1, 32759, 27181,100669,340100000, 62729,622242, 56718, 84862
1117, 05-17 22:33:40,1, 32750, 27174,100669,339500000, 62449,621753, 56561, 82997
1118, 05-17 22:33:41,1, 32750, 27179,100669,337500000, 62605,622025, 56649, 84035
1119, 05-17 22:33:42,1, 32740, 27173,100669,337100000, 62831,622420, 56776, 85541
1120, 05-17 22:33:43,1, 32740, 27178,100671,336800000, 63095,622881, 56924, 87302
1121, 05-17 22:33:44,1, 32720, 27181,100667,341500000, 62408,621681, 56538, 82721
1122, 05-17 22:33:45,1, 32720, 27170,100669,337800000, 62540,621912, 56612, 83602
1123, 05-17 22:33:46,1, 32710, 27175,100671,337500000, 62723,622231, 56715, 84822
1124, 05-17 22:33:47,1, 32700, 27180,100669,339800000, 62437,621732, 56555, 82918
1125, 05-17 22:33:48,1, 32689, 27173,100667,339500000, 62253,621410, 56452, 81688
1126, 05-17 22:33:49,1, 32689, 27178,100671,341200000, 61761,620551, 56177, 78411
1127, 05-17 22:33:50,1, 32680, 27176,100669,338800000, 61809,620635, 56204, 78731
1128, 05-17 22:33:51,1, 32669, 27171,100669,337800000, 62059,621071, 56343, 80394
1129, 05-17 22:33:52,1, 32669, 27165,100671,339800000, 61890,620775, 56249, 79267
1130, 05-17 22:33:53,1, 32650, 27148,100671,339800000, 61752,620534, 56172, 78347
1131, 05-17 22:33:54,1, 32650, 27164,100671,339100000, 61775,620574, 56185, 78500
1132, 05-17 22:33:55,1, 32640, 27165,100669,339500000, 61724,620485, 56156, 78160
1133, 05-17 22:33:56,1, 32640, 27149,100669,339500000, 61687,620421, 56136, 77914
1134, 05-17 22:33:57,1, 32640, 27159,100671,341900000, 61188,619549, 55859, 74588
1135, 05-17 22:33:58,1, 32630, 27165,100673,340800000, 60972,619171, 55740, 73146
1136, 05-17 22:33:59,1, 32610, 27153,100671,341900000, 60577,618481, 55522, 70514
1137, 05-17 22:34:00,1, 32610, 27153,100671,342200000, 60176,617781, 55302, 67842
1138, 05-17 22:34:01,1, 32610, 27141,100671,342200000, 59830,617177, 55113, 65539
1139, 05-17 22:34:02,1, 32599, 27141,100669,339800000, 60006,617484, 55209, 66710
1140, 05-17 22:34:03,1, 32590, 27149,100671,339800000, 60168,617767, 55298, 67788
1141, 05-17 22:34:04,1, 32580, 27127,100673,342900000, 59713,616972, 55049, 64757
1142, 05-17 22:34:05,1, 32580, 27160,100669,343600000, 59180,616041, 54759, 61205
1143, 05-17 22:34:06,1, 32570, 27130,100671,343200000, 58799,615374, 54553, 58661
1144, 05-17 22:34:07,1, 32570, 27120,100671,342200000, 58666,615142, 54481, 57775
1145, 05-17 22:34:08,1, 32560, 27120,100667,342900000, 58420,614713, 54349, 56136
1146, 05-17 22:34:09,1, 32560, 27120,100667,343200000, 58152,614245, 54205, 54350
1147, 05-17 22:34:10,1, 32550, 27129,100669,344300000, 57709,613471, 53967, 51398
1148, 05-17 22:34:11,1, 32550, 27113,100669,341900000, 57795,613621, 54013, 51969
1149, 05-17 22:34:12,1, 32540, 27110,100669,341500000, 57958,613906, 54100, 53056
1150, 05-17 22:34:13,1, 32529, 27109,100669,342200000, 57974,613933, 54109, 53160
1151, 05-17 22:34:14,1, 32520, 27098,100669,341900000, 58055,614076, 54153, 53706
1152, 05-17 22:34:15,1, 32520, 27088,100669,340100000, 58489,614834, 54386, 56599
1153, 05-17 22:34:16,1, 32509, 27074,100667,346400000, 57655,613376, 53938, 51034
